ITERATION: 0

Ant 0 route: [0, 17, 43, 23, 19, 39, 31, 24, 12, 8, 52, 50, 46, 51, 16, 5, 25, 11, 56, 48, 9, 34, 38, 2, 28, 40, 1, 21, 15, 32, 36, 13, 27, 54, 53, 47, 22, 4, 44, 55, 14, 33, 18, 35, 20, 42, 26, 7, 10, 45, 57, 29, 49, 3, 30, 37, 41, 6, 0]
Distance: 52818

Ant 1 route: [0, 29, 39, 17, 43, 57, 23, 56, 42, 48, 35, 16, 25, 18, 27, 5, 28, 44, 32, 45, 55, 33, 13, 36, 38, 2, 40, 54, 53, 47, 11, 22, 1, 51, 34, 9, 50, 7, 21, 46, 26, 4, 3, 15, 10, 20, 14, 6, 30, 37, 41, 49, 52, 19, 24, 8, 12, 31, 0]
Distance: 42976



ITERATION: 1

Ant 0 route: [0, 54, 5, 25, 18, 27, 32, 44, 55, 36, 4, 2, 28, 35, 16, 51, 9, 46, 48, 53, 1, 40, 47, 38, 20, 8, 12, 39, 24, 31, 10, 34, 50, 26, 42, 56, 22, 23, 29, 43, 17, 57, 21, 7, 52, 49, 19, 11, 33, 45, 13, 14, 37, 3, 41, 6, 30, 15, 0]
Distance: 58119

Ant 1 route: [0, 8, 39, 23, 57, 16, 5, 13, 28, 32, 44, 25, 18, 9, 50, 48, 42, 11, 22, 4, 26, 46, 2, 34, 1, 38, 54, 53, 21, 7, 36, 27, 35, 56, 51, 17, 43, 33, 14, 45, 55, 10, 12, 24, 31, 52, 19, 49, 3, 29, 47, 40, 20, 30, 6, 37, 41, 15, 0]
Distance: 52038



ITERATION: 2

Ant 0 route: [0, 17, 18, 27, 35, 16, 25, 46, 48, 51, 34, 2, 1, 40, 50, 54, 21, 7, 53, 32, 13, 5, 20, 28, 38, 9, 8, 24, 12, 39, 31, 19, 49, 52, 23, 57, 22, 26, 30, 6, 47, 15, 56, 11, 42, 33, 55, 45, 36, 44, 4, 10, 37, 41, 3, 43, 29, 14, 0]
Distance: 59144

Ant 1 route: [0, 29, 39, 12, 31, 56, 11, 42, 50, 2, 51, 9, 46, 47, 40, 34, 28, 36, 13, 27, 5, 18, 35, 16, 25, 48, 1, 53, 54, 26, 7, 17, 43, 8, 24, 22, 57, 23, 20, 38, 10, 33, 15, 21, 4, 55, 6, 41, 30, 3, 52, 49, 44, 45, 32, 14, 19, 37, 0]
Distance: 66222



ITERATION: 3

Ant 0 route: [0, 12, 39, 8, 31, 57, 43, 30, 15, 41, 22, 2, 38, 17, 21, 47, 1, 40, 34, 9, 50, 51, 46, 48, 10, 14, 33, 36, 5, 25, 18, 54, 53, 4, 42, 11, 26, 56, 45, 55, 44, 20, 52, 49, 35, 16, 32, 13, 27, 37, 6, 7, 23, 29, 24, 19, 3, 28, 0]
Distance: 64208

Ant 1 route: [0, 17, 43, 29, 39, 12, 19, 41, 37, 42, 11, 26, 50, 48, 2, 34, 51, 9, 7, 21, 15, 16, 4, 22, 40, 53, 54, 28, 35, 56, 27, 44, 13, 36, 45, 33, 14, 55, 18, 5, 25, 46, 38, 10, 20, 32, 47, 1, 31, 24, 8, 3, 52, 57, 23, 6, 30, 49, 0]
Distance: 55181



ITERATION: 4

Ant 0 route: [0, 23, 57, 24, 12, 8, 31, 39, 29, 49, 53, 46, 50, 1, 47, 25, 5, 27, 18, 35, 16, 51, 9, 48, 34, 40, 54, 21, 14, 13, 36, 33, 44, 55, 45, 28, 7, 2, 38, 20, 4, 22, 52, 19, 10, 42, 26, 11, 56, 43, 17, 3, 37, 30, 6, 32, 15, 41, 0]
Distance: 54468

Ant 1 route: [0, 17, 43, 57, 23, 46, 48, 51, 9, 34, 40, 38, 35, 16, 25, 5, 27, 32, 13, 18, 36, 33, 55, 44, 42, 22, 14, 4, 53, 1, 47, 50, 54, 21, 2, 28, 20, 45, 3, 52, 19, 8, 29, 24, 39, 31, 12, 37, 41, 30, 6, 11, 26, 56, 10, 7, 15, 49, 0]
Distance: 51471



ITERATION: 5

Ant 0 route: [0, 29, 39, 12, 8, 24, 31, 7, 1, 50, 48, 46, 51, 9, 34, 40, 53, 54, 13, 32, 27, 18, 16, 35, 2, 26, 4, 22, 14, 33, 45, 43, 17, 57, 23, 28, 42, 11, 56, 44, 55, 36, 21, 47, 38, 10, 15, 41, 49, 3, 52, 19, 25, 5, 20, 6, 30, 37, 0]
Distance: 53376

Ant 1 route: [0, 4, 9, 51, 26, 42, 48, 46, 50, 28, 47, 7, 21, 1, 54, 53, 11, 22, 56, 23, 17, 43, 57, 34, 40, 35, 16, 20, 25, 5, 18, 27, 13, 36, 14, 33, 45, 44, 32, 10, 38, 15, 2, 30, 6, 37, 41, 19, 52, 24, 39, 12, 8, 31, 29, 49, 3, 55, 0]
Distance: 47354



ITERATION: 6

Ant 0 route: [0, 17, 43, 36, 55, 15, 38, 25, 5, 18, 27, 50, 45, 13, 32, 28, 54, 22, 11, 56, 23, 57, 4, 26, 42, 34, 9, 46, 48, 51, 47, 7, 53, 40, 16, 35, 2, 33, 10, 1, 21, 20, 14, 44, 39, 24, 31, 8, 52, 12, 29, 19, 49, 3, 6, 37, 41, 30, 0]
Distance: 54427

Ant 1 route: [0, 39, 31, 24, 8, 12, 19, 43, 17, 23, 11, 47, 2, 28, 15, 34, 9, 51, 50, 46, 5, 25, 7, 21, 22, 55, 45, 44, 32, 13, 16, 36, 33, 27, 18, 14, 10, 40, 1, 53, 20, 35, 48, 42, 56, 26, 4, 38, 54, 49, 3, 52, 29, 57, 37, 41, 30, 6, 0]
Distance: 48551



ITERATION: 7

Ant 0 route: [0, 29, 31, 24, 39, 12, 8, 21, 7, 40, 53, 54, 38, 27, 5, 25, 16, 35, 18, 28, 47, 1, 34, 9, 51, 50, 46, 48, 32, 13, 36, 33, 14, 44, 55, 45, 10, 4, 22, 11, 42, 26, 17, 43, 23, 57, 56, 41, 37, 15, 6, 30, 20, 2, 49, 52, 19, 3, 0]
Distance: 43620

Ant 1 route: [0, 29, 8, 12, 50, 46, 48, 9, 34, 38, 32, 5, 27, 20, 1, 40, 2, 28, 39, 24, 31, 56, 11, 42, 4, 22, 26, 47, 21, 7, 10, 15, 51, 53, 54, 35, 16, 25, 18, 44, 45, 55, 33, 36, 13, 14, 3, 52, 19, 49, 17, 43, 57, 23, 41, 37, 30, 6, 0]
Distance: 48571



ITERATION: 8

Ant 0 route: [0, 43, 21, 7, 54, 1, 40, 9, 50, 2, 47, 53, 49, 52, 13, 16, 46, 42, 57, 23, 36, 18, 25, 5, 45, 33, 55, 44, 48, 35, 28, 34, 51, 26, 4, 22, 11, 3, 17, 39, 24, 8, 29, 19, 31, 12, 38, 10, 56, 27, 32, 14, 20, 41, 30, 6, 15, 37, 0]
Distance: 57795

Ant 1 route: [0, 29, 49, 52, 3, 31, 7, 21, 10, 32, 46, 50, 28, 38, 51, 34, 2, 47, 1, 4, 57, 17, 43, 45, 40, 54, 9, 42, 26, 11, 56, 20, 36, 13, 25, 5, 16, 35, 18, 27, 44, 55, 33, 14, 22, 53, 48, 15, 37, 41, 30, 6, 8, 12, 39, 19, 24, 23, 0]
Distance: 49887



ITERATION: 9

Ant 0 route: [0, 17, 43, 24, 39, 29, 12, 8, 11, 30, 6, 5, 14, 45, 22, 42, 48, 50, 54, 53, 1, 7, 4, 26, 2, 34, 51, 47, 40, 28, 32, 13, 18, 55, 36, 27, 35, 16, 25, 44, 33, 20, 21, 56, 19, 31, 52, 49, 57, 23, 38, 10, 15, 37, 41, 46, 9, 3, 0]
Distance: 55912

Ant 1 route: [0, 17, 43, 6, 57, 23, 11, 26, 42, 28, 32, 55, 33, 14, 22, 9, 50, 48, 34, 2, 38, 54, 21, 7, 46, 51, 35, 25, 16, 18, 27, 13, 5, 36, 1, 53, 40, 47, 29, 12, 39, 24, 8, 31, 20, 10, 49, 3, 44, 45, 4, 56, 52, 19, 41, 37, 30, 15, 0]
Distance: 61567



ITERATION: 10

Ant 0 route: [0, 23, 43, 29, 39, 8, 24, 31, 4, 2, 35, 28, 46, 50, 51, 9, 48, 42, 26, 22, 53, 54, 40, 38, 16, 5, 18, 44, 32, 45, 55, 33, 25, 1, 34, 47, 20, 21, 7, 56, 11, 14, 36, 13, 27, 52, 49, 12, 19, 37, 15, 10, 17, 57, 3, 30, 6, 41, 0]
Distance: 54703

Ant 1 route: [0, 23, 57, 21, 7, 53, 50, 48, 46, 2, 47, 34, 40, 4, 29, 19, 1, 51, 38, 9, 25, 5, 18, 27, 32, 45, 55, 44, 13, 16, 35, 28, 20, 33, 36, 14, 42, 11, 26, 54, 22, 56, 43, 17, 49, 52, 39, 12, 31, 24, 8, 3, 15, 10, 41, 37, 30, 6, 0]
Distance: 45877



ITERATION: 11

Ant 0 route: [0, 29, 8, 12, 39, 24, 31, 47, 1, 54, 53, 38, 34, 51, 46, 50, 9, 2, 26, 11, 48, 27, 45, 13, 36, 14, 33, 55, 15, 20, 28, 32, 44, 25, 5, 18, 16, 42, 4, 19, 22, 40, 35, 56, 23, 57, 43, 17, 49, 52, 3, 10, 7, 21, 30, 6, 37, 41, 0]
Distance: 47806

Ant 1 route: [0, 43, 17, 57, 23, 12, 39, 8, 24, 31, 9, 40, 50, 51, 7, 28, 46, 1, 53, 54, 21, 22, 4, 34, 5, 16, 25, 35, 27, 13, 36, 32, 44, 45, 33, 14, 2, 47, 20, 26, 56, 11, 49, 19, 52, 29, 3, 18, 42, 15, 10, 38, 37, 41, 6, 30, 55, 48, 0]
Distance: 52220



ITERATION: 12

Ant 0 route: [0, 43, 17, 52, 49, 3, 19, 31, 8, 39, 12, 24, 29, 54, 1, 53, 21, 7, 50, 16, 35, 18, 5, 25, 34, 40, 9, 51, 46, 48, 32, 28, 44, 13, 36, 33, 26, 4, 56, 11, 30, 6, 37, 41, 15, 2, 38, 47, 10, 20, 45, 23, 57, 27, 42, 22, 14, 55, 0]
Distance: 49184

Ant 1 route: [0, 43, 17, 22, 4, 56, 46, 51, 50, 48, 40, 1, 53, 54, 7, 21, 19, 52, 49, 12, 39, 24, 31, 8, 29, 57, 23, 13, 36, 27, 32, 42, 34, 9, 16, 25, 5, 18, 35, 28, 2, 44, 55, 45, 33, 14, 20, 11, 26, 47, 38, 10, 15, 6, 30, 37, 41, 3, 0]
Distance: 40982



ITERATION: 13

Ant 0 route: [0, 23, 43, 17, 52, 49, 3, 31, 8, 39, 12, 29, 24, 26, 42, 56, 11, 22, 4, 41, 37, 34, 2, 14, 47, 1, 53, 21, 51, 20, 38, 33, 36, 13, 27, 25, 16, 7, 35, 10, 15, 5, 18, 40, 46, 50, 9, 48, 44, 55, 45, 32, 28, 54, 57, 19, 30, 6, 0]
Distance: 55520

Ant 1 route: [0, 12, 39, 24, 8, 31, 19, 17, 43, 27, 25, 16, 35, 40, 53, 1, 47, 15, 21, 7, 42, 38, 10, 13, 45, 33, 14, 32, 44, 34, 9, 46, 50, 48, 11, 26, 4, 56, 23, 57, 29, 49, 52, 41, 3, 2, 51, 18, 5, 36, 20, 28, 54, 22, 55, 6, 30, 37, 0]
Distance: 55343



ITERATION: 14

Ant 0 route: [0, 29, 8, 24, 11, 26, 56, 22, 1, 40, 48, 50, 46, 9, 51, 53, 54, 27, 35, 20, 13, 36, 33, 14, 32, 45, 44, 47, 4, 2, 28, 42, 34, 16, 18, 25, 5, 38, 10, 6, 41, 37, 30, 21, 7, 3, 23, 17, 43, 39, 12, 31, 19, 52, 49, 57, 15, 55, 0]
Distance: 49367

Ant 1 route: [0, 29, 39, 24, 8, 31, 19, 26, 50, 48, 46, 51, 9, 16, 35, 5, 25, 34, 2, 38, 10, 20, 14, 33, 55, 44, 32, 52, 49, 23, 22, 47, 54, 7, 57, 17, 43, 4, 53, 40, 1, 42, 11, 56, 18, 27, 13, 36, 45, 28, 21, 15, 3, 12, 41, 37, 6, 30, 0]
Distance: 48999



ITERATION: 15

Ant 0 route: [0, 9, 51, 34, 50, 48, 46, 47, 38, 44, 13, 32, 27, 35, 16, 25, 5, 18, 53, 54, 40, 1, 45, 33, 55, 36, 14, 26, 11, 4, 22, 37, 7, 21, 10, 20, 2, 28, 12, 39, 29, 43, 17, 42, 56, 57, 23, 15, 41, 52, 49, 3, 8, 31, 24, 19, 30, 6, 0]
Distance: 58737

Ant 1 route: [0, 29, 17, 43, 23, 39, 12, 24, 31, 22, 27, 13, 44, 34, 53, 54, 1, 2, 40, 26, 9, 51, 48, 50, 46, 28, 16, 5, 25, 35, 7, 21, 15, 56, 11, 42, 47, 38, 52, 49, 3, 8, 19, 6, 30, 37, 41, 10, 20, 32, 55, 45, 33, 14, 4, 57, 36, 18, 0]
Distance: 51290



ITERATION: 16

Ant 0 route: [0, 23, 38, 28, 34, 2, 40, 1, 47, 45, 33, 46, 50, 51, 9, 48, 15, 54, 53, 7, 3, 24, 31, 8, 39, 12, 29, 57, 44, 35, 16, 5, 25, 18, 27, 13, 32, 55, 36, 52, 56, 11, 26, 42, 22, 17, 43, 14, 30, 37, 41, 19, 10, 20, 21, 6, 49, 4, 0]
Distance: 69535

Ant 1 route: [0, 29, 39, 12, 24, 31, 8, 19, 52, 49, 3, 23, 57, 7, 21, 51, 34, 9, 50, 28, 38, 2, 15, 53, 54, 37, 30, 6, 14, 33, 36, 13, 32, 18, 16, 35, 48, 46, 42, 4, 22, 20, 17, 43, 26, 11, 56, 1, 41, 10, 44, 45, 55, 25, 5, 27, 47, 40, 0]
Distance: 48975



ITERATION: 17

Ant 0 route: [0, 29, 23, 57, 24, 31, 8, 39, 12, 22, 11, 26, 4, 51, 34, 9, 50, 48, 46, 2, 40, 1, 47, 54, 15, 10, 42, 56, 18, 53, 7, 21, 6, 20, 36, 13, 32, 55, 45, 33, 14, 44, 27, 5, 25, 16, 35, 28, 38, 3, 52, 49, 19, 43, 17, 37, 41, 30, 0]
Distance: 47840

Ant 1 route: [0, 21, 47, 1, 38, 9, 50, 34, 2, 28, 40, 53, 54, 7, 42, 4, 51, 26, 8, 12, 39, 24, 31, 57, 37, 46, 48, 32, 55, 45, 33, 14, 36, 13, 27, 35, 16, 10, 15, 6, 30, 11, 56, 22, 23, 43, 17, 29, 19, 52, 49, 25, 5, 18, 44, 20, 3, 41, 0]
Distance: 58609



ITERATION: 18

Ant 0 route: [0, 34, 38, 16, 35, 45, 55, 36, 25, 5, 18, 32, 44, 27, 33, 14, 20, 40, 51, 9, 50, 46, 48, 54, 53, 1, 47, 13, 42, 26, 4, 22, 11, 56, 39, 12, 24, 31, 8, 19, 52, 49, 3, 2, 28, 37, 41, 10, 15, 21, 7, 43, 17, 29, 23, 57, 6, 30, 0]
Distance: 47999

Ant 1 route: [0, 29, 39, 12, 24, 8, 32, 55, 45, 33, 14, 36, 13, 27, 16, 35, 28, 47, 54, 53, 7, 21, 52, 49, 19, 42, 34, 50, 46, 51, 9, 48, 2, 40, 1, 38, 3, 23, 57, 43, 17, 22, 11, 20, 31, 26, 4, 10, 15, 56, 25, 5, 18, 37, 41, 30, 6, 44, 0]
Distance: 55042



ITERATION: 19

Ant 0 route: [0, 29, 39, 12, 8, 24, 31, 52, 49, 19, 10, 20, 2, 28, 47, 1, 22, 11, 26, 4, 51, 9, 50, 38, 16, 35, 25, 5, 18, 32, 44, 45, 33, 14, 36, 13, 27, 7, 21, 48, 46, 34, 53, 54, 40, 56, 42, 23, 57, 43, 17, 3, 55, 41, 30, 6, 37, 15, 0]
Distance: 43615

Ant 1 route: [0, 29, 39, 24, 31, 8, 12, 4, 9, 50, 46, 48, 32, 44, 20, 28, 38, 16, 35, 51, 34, 2, 1, 47, 40, 53, 54, 7, 21, 18, 5, 25, 6, 30, 37, 41, 10, 15, 57, 23, 17, 43, 45, 33, 14, 36, 13, 27, 42, 26, 11, 56, 22, 3, 52, 49, 19, 55, 0]
Distance: 47545



ITERATION: 20

Ant 0 route: [0, 29, 39, 24, 31, 8, 12, 57, 43, 17, 52, 49, 3, 7, 21, 48, 46, 50, 38, 16, 35, 51, 9, 34, 2, 1, 47, 40, 53, 54, 15, 10, 44, 45, 33, 14, 36, 13, 27, 18, 5, 25, 55, 28, 32, 42, 26, 11, 56, 22, 4, 23, 19, 30, 6, 37, 41, 20, 0]
Distance: 42865

Ant 1 route: [0, 29, 39, 12, 24, 31, 8, 22, 11, 56, 49, 3, 52, 19, 55, 45, 44, 33, 14, 36, 13, 27, 5, 18, 32, 28, 47, 1, 40, 53, 54, 7, 21, 48, 2, 50, 46, 51, 9, 34, 42, 26, 4, 23, 57, 43, 17, 16, 35, 25, 38, 10, 15, 20, 37, 41, 30, 6, 0]
Distance: 41343



ITERATION: 21

Ant 0 route: [0, 29, 39, 12, 24, 31, 8, 22, 4, 9, 50, 46, 48, 2, 28, 47, 1, 40, 53, 54, 35, 16, 25, 5, 18, 44, 20, 27, 42, 26, 11, 56, 21, 7, 55, 45, 33, 14, 36, 13, 32, 3, 23, 57, 43, 17, 19, 52, 49, 34, 51, 38, 10, 15, 41, 37, 6, 30, 0]
Distance: 42411

Ant 1 route: [0, 43, 17, 21, 1, 40, 53, 54, 5, 25, 16, 35, 51, 34, 2, 28, 47, 4, 9, 50, 46, 48, 33, 14, 36, 13, 27, 18, 32, 44, 45, 55, 20, 22, 11, 56, 42, 26, 10, 15, 7, 38, 37, 41, 30, 6, 39, 12, 8, 24, 31, 52, 19, 3, 23, 57, 29, 49, 0]
Distance: 43324



ITERATION: 22

Ant 0 route: [0, 29, 39, 24, 31, 8, 12, 22, 11, 56, 42, 26, 4, 9, 50, 46, 48, 51, 34, 2, 28, 47, 1, 40, 53, 54, 7, 21, 52, 49, 57, 23, 19, 3, 55, 45, 33, 14, 36, 13, 27, 5, 25, 16, 35, 18, 32, 44, 20, 38, 10, 15, 41, 37, 6, 30, 17, 43, 0]
Distance: 36945

Ant 1 route: [0, 29, 39, 12, 24, 31, 8, 19, 52, 49, 3, 36, 13, 32, 44, 45, 55, 18, 5, 25, 16, 35, 51, 9, 50, 46, 48, 2, 28, 47, 1, 40, 53, 54, 34, 42, 23, 57, 43, 17, 22, 4, 10, 15, 20, 27, 33, 14, 26, 11, 56, 21, 7, 38, 37, 41, 30, 6, 0]
Distance: 39443



ITERATION: 23

Ant 0 route: [0, 29, 39, 24, 31, 8, 12, 57, 23, 19, 52, 49, 3, 2, 28, 38, 10, 20, 27, 5, 18, 32, 44, 45, 55, 36, 13, 42, 26, 4, 9, 50, 46, 48, 51, 34, 53, 54, 7, 21, 1, 40, 47, 22, 11, 56, 17, 43, 14, 33, 35, 16, 25, 15, 41, 37, 6, 30, 0]
Distance: 39560

Ant 1 route: [0, 29, 39, 12, 24, 31, 8, 19, 52, 49, 57, 23, 17, 43, 28, 47, 1, 40, 53, 54, 34, 2, 38, 16, 35, 51, 9, 50, 46, 48, 36, 13, 27, 5, 25, 18, 32, 44, 45, 55, 20, 22, 11, 56, 42, 26, 4, 10, 15, 41, 37, 6, 30, 21, 7, 3, 33, 14, 0]
Distance: 40750



ITERATION: 24

Ant 0 route: [0, 29, 39, 12, 4, 9, 50, 46, 48, 2, 38, 16, 35, 51, 34, 53, 54, 7, 21, 1, 40, 47, 22, 11, 56, 42, 26, 43, 17, 52, 49, 57, 23, 19, 3, 36, 13, 27, 5, 25, 18, 32, 44, 20, 28, 10, 15, 41, 37, 6, 30, 14, 33, 55, 45, 8, 24, 31, 0]
Distance: 43850

Ant 1 route: [0, 29, 39, 24, 31, 8, 12, 57, 23, 17, 43, 28, 47, 40, 53, 54, 7, 21, 1, 38, 10, 15, 20, 27, 5, 18, 32, 44, 45, 55, 36, 13, 42, 26, 4, 9, 50, 46, 48, 2, 51, 34, 16, 35, 25, 11, 56, 22, 3, 52, 49, 19, 30, 6, 37, 41, 14, 33, 0]
Distance: 43512



ITERATION: 25

Ant 0 route: [0, 29, 39, 12, 8, 24, 31, 52, 49, 3, 2, 51, 9, 50, 46, 48, 54, 7, 21, 1, 40, 53, 11, 56, 42, 26, 4, 10, 15, 41, 37, 6, 30, 14, 33, 55, 45, 28, 38, 16, 35, 25, 18, 32, 44, 20, 36, 13, 27, 5, 34, 47, 22, 17, 43, 19, 57, 23, 0]
Distance: 37894

Ant 1 route: [0, 29, 39, 12, 24, 31, 8, 22, 11, 56, 21, 5, 18, 32, 44, 45, 55, 36, 13, 27, 33, 14, 26, 4, 9, 50, 46, 48, 51, 34, 2, 38, 10, 15, 41, 30, 6, 37, 40, 47, 1, 54, 7, 43, 17, 52, 49, 19, 3, 23, 57, 53, 16, 35, 25, 42, 28, 20, 0]
Distance: 42016



ITERATION: 26

Ant 0 route: [0, 29, 39, 24, 31, 8, 12, 57, 23, 17, 43, 19, 52, 49, 3, 2, 51, 9, 50, 46, 48, 36, 13, 27, 5, 18, 32, 44, 45, 55, 20, 28, 38, 10, 15, 41, 37, 6, 30, 21, 1, 40, 53, 54, 7, 42, 26, 4, 22, 11, 56, 25, 16, 35, 14, 33, 34, 47, 0]
Distance: 36333

Ant 1 route: [0, 29, 39, 12, 24, 31, 8, 19, 3, 52, 49, 57, 23, 17, 43, 28, 20, 27, 5, 25, 18, 32, 44, 45, 55, 36, 13, 56, 42, 26, 4, 10, 15, 41, 37, 40, 53, 54, 7, 21, 1, 38, 16, 35, 51, 9, 50, 46, 48, 2, 34, 47, 22, 11, 14, 33, 6, 30, 0]
Distance: 44368



ITERATION: 27

Ant 0 route: [0, 29, 39, 12, 24, 31, 8, 19, 52, 49, 3, 2, 51, 34, 47, 1, 40, 53, 54, 7, 21, 5, 25, 18, 32, 44, 45, 55, 36, 13, 27, 33, 14, 26, 4, 22, 11, 56, 42, 28, 20, 38, 10, 15, 41, 37, 6, 30, 17, 43, 57, 23, 50, 46, 48, 9, 35, 16, 0]
Distance: 36723

Ant 1 route: [0, 29, 39, 12, 24, 31, 8, 19, 52, 49, 3, 23, 57, 53, 54, 7, 21, 1, 40, 47, 22, 17, 43, 28, 20, 36, 13, 27, 5, 25, 16, 35, 51, 9, 50, 46, 48, 2, 34, 42, 26, 4, 10, 15, 41, 37, 6, 30, 14, 33, 55, 45, 44, 18, 32, 56, 11, 38, 0]
Distance: 39967



ITERATION: 28

Ant 0 route: [0, 29, 39, 12, 24, 31, 8, 19, 52, 49, 3, 23, 57, 53, 54, 7, 21, 1, 40, 47, 22, 11, 56, 42, 26, 4, 9, 50, 46, 48, 2, 51, 34, 16, 35, 25, 18, 32, 44, 45, 55, 36, 13, 27, 5, 28, 20, 38, 10, 15, 41, 37, 6, 30, 14, 33, 43, 17, 0]
Distance: 34377

Ant 1 route: [0, 29, 39, 12, 24, 31, 8, 19, 52, 49, 3, 2, 34, 47, 1, 40, 53, 54, 7, 21, 5, 18, 32, 44, 45, 55, 36, 13, 27, 33, 14, 26, 4, 22, 11, 56, 42, 28, 38, 10, 15, 41, 37, 6, 30, 17, 43, 57, 23, 50, 46, 48, 9, 35, 16, 25, 51, 20, 0]
Distance: 38034



ITERATION: 29

Ant 0 route: [0, 29, 39, 12, 24, 31, 8, 19, 52, 49, 3, 23, 57, 53, 54, 7, 21, 1, 40, 47, 22, 11, 56, 42, 26, 4, 9, 50, 46, 48, 2, 34, 16, 35, 18, 5, 25, 51, 20, 36, 13, 27, 33, 14, 44, 45, 55, 28, 38, 10, 15, 41, 37, 6, 30, 17, 43, 32, 0]
Distance: 39069

Ant 1 route: [0, 29, 39, 12, 24, 31, 8, 19, 52, 49, 3, 23, 57, 43, 17, 22, 11, 56, 42, 26, 4, 9, 50, 46, 48, 2, 51, 34, 47, 1, 40, 53, 54, 7, 21, 5, 28, 20, 27, 33, 14, 36, 13, 32, 44, 45, 55, 18, 25, 16, 35, 38, 10, 15, 41, 37, 6, 30, 0]
Distance: 32474



ITERATION: 30

Ant 0 route: [0, 29, 39, 12, 24, 31, 8, 19, 52, 49, 3, 23, 57, 43, 17, 22, 11, 56, 42, 26, 4, 9, 50, 46, 48, 2, 51, 34, 47, 1, 40, 53, 54, 7, 21, 5, 25, 16, 35, 18, 32, 44, 45, 55, 36, 13, 27, 33, 14, 20, 38, 10, 15, 41, 37, 6, 30, 28, 0]
Distance: 33178

Ant 1 route: [0, 29, 39, 12, 24, 31, 8, 19, 52, 49, 3, 23, 57, 53, 54, 7, 21, 1, 40, 47, 22, 17, 43, 28, 20, 38, 16, 35, 25, 18, 5, 34, 2, 51, 9, 50, 46, 48, 36, 13, 32, 44, 45, 55, 33, 14, 26, 4, 10, 15, 41, 37, 6, 30, 42, 11, 56, 27, 0]
Distance: 40182



ITERATION: 31

Ant 0 route: [0, 29, 39, 12, 24, 31, 8, 19, 52, 49, 3, 23, 57, 43, 17, 22, 11, 56, 42, 26, 4, 9, 50, 46, 48, 2, 51, 34, 47, 1, 40, 53, 54, 7, 21, 5, 25, 18, 32, 44, 45, 55, 33, 14, 36, 13, 27, 35, 16, 15, 41, 37, 6, 30, 28, 38, 10, 20, 0]
Distance: 33660

Ant 1 route: [0, 29, 39, 12, 24, 31, 8, 19, 52, 49, 3, 23, 57, 43, 17, 22, 11, 56, 42, 26, 4, 9, 50, 46, 48, 2, 51, 34, 16, 35, 18, 25, 5, 28, 10, 15, 41, 37, 6, 30, 21, 1, 40, 47, 54, 7, 38, 20, 36, 13, 27, 33, 14, 44, 45, 55, 32, 53, 0]
Distance: 33496



ITERATION: 32

Ant 0 route: [0, 29, 39, 12, 24, 31, 8, 19, 52, 49, 3, 23, 57, 43, 17, 22, 11, 56, 42, 26, 4, 9, 50, 46, 48, 2, 51, 34, 47, 1, 40, 53, 54, 7, 21, 5, 25, 16, 35, 18, 32, 44, 45, 55, 33, 14, 36, 13, 27, 20, 38, 10, 15, 41, 37, 6, 30, 28, 0]
Distance: 32083

Ant 1 route: [0, 29, 39, 12, 24, 31, 8, 19, 52, 49, 3, 23, 57, 43, 17, 22, 11, 56, 42, 26, 4, 9, 50, 46, 48, 2, 51, 34, 47, 1, 40, 53, 54, 7, 21, 5, 18, 25, 16, 35, 38, 10, 15, 41, 37, 6, 30, 28, 20, 36, 13, 32, 44, 45, 55, 33, 14, 27, 0]
Distance: 32700



ITERATION: 33

Ant 0 route: [0, 29, 39, 12, 24, 31, 8, 19, 52, 49, 3, 23, 57, 43, 17, 22, 11, 56, 42, 26, 4, 9, 50, 46, 48, 2, 51, 34, 47, 1, 40, 53, 54, 7, 21, 5, 28, 20, 38, 10, 15, 41, 37, 6, 30, 14, 36, 13, 32, 44, 45, 55, 33, 35, 16, 25, 18, 27, 0]
Distance: 34405

Ant 1 route: [0, 29, 39, 12, 24, 31, 8, 19, 52, 49, 3, 23, 57, 43, 17, 22, 11, 56, 42, 26, 4, 9, 50, 46, 48, 2, 51, 34, 47, 1, 40, 53, 54, 7, 21, 5, 25, 16, 35, 18, 32, 44, 45, 55, 33, 14, 36, 13, 27, 20, 38, 10, 15, 41, 37, 6, 30, 28, 0]
Distance: 32083



ITERATION: 34

Ant 0 route: [0, 29, 39, 12, 24, 31, 8, 19, 52, 49, 3, 23, 57, 43, 17, 22, 11, 56, 42, 26, 4, 9, 50, 46, 48, 2, 51, 34, 47, 1, 40, 53, 54, 7, 21, 5, 25, 18, 27, 20, 38, 10, 15, 41, 37, 6, 30, 28, 32, 44, 45, 55, 33, 14, 36, 13, 16, 35, 0]
Distance: 32313

Ant 1 route: [0, 29, 39, 12, 24, 31, 8, 19, 52, 49, 3, 23, 57, 43, 17, 22, 11, 56, 42, 26, 4, 9, 50, 46, 48, 2, 51, 34, 47, 1, 40, 53, 54, 7, 21, 5, 25, 18, 27, 35, 16, 15, 41, 37, 6, 30, 28, 38, 10, 20, 36, 13, 32, 44, 45, 55, 33, 14, 0]
Distance: 34338



ITERATION: 35

Ant 0 route: [0, 29, 39, 12, 24, 31, 8, 19, 52, 49, 3, 23, 57, 43, 17, 22, 11, 56, 42, 26, 4, 9, 50, 46, 48, 2, 34, 47, 1, 40, 53, 54, 7, 21, 5, 25, 18, 32, 44, 45, 55, 33, 14, 36, 13, 16, 35, 38, 10, 20, 27, 28, 37, 6, 30, 41, 15, 51, 0]
Distance: 34002

Ant 1 route: [0, 29, 39, 12, 24, 31, 8, 19, 52, 49, 3, 23, 57, 43, 17, 22, 11, 56, 42, 26, 4, 9, 50, 46, 48, 2, 51, 34, 16, 35, 18, 27, 33, 14, 36, 13, 32, 44, 45, 55, 28, 38, 10, 15, 41, 37, 6, 30, 21, 5, 25, 7, 40, 53, 54, 1, 47, 20, 0]
Distance: 35321



ITERATION: 36

Ant 0 route: [0, 29, 39, 12, 24, 31, 8, 19, 52, 49, 3, 23, 57, 43, 17, 22, 11, 56, 42, 26, 4, 9, 50, 46, 48, 2, 51, 34, 16, 25, 18, 27, 35, 38, 10, 20, 36, 13, 32, 44, 45, 55, 33, 14, 53, 54, 1, 40, 47, 28, 37, 6, 30, 41, 15, 7, 21, 5, 0]
Distance: 35079

Ant 1 route: [0, 29, 39, 12, 24, 31, 8, 19, 52, 49, 3, 23, 57, 43, 17, 22, 11, 56, 42, 26, 4, 9, 50, 46, 48, 2, 51, 34, 47, 1, 40, 53, 54, 7, 21, 5, 25, 16, 35, 18, 32, 44, 45, 55, 33, 14, 36, 13, 27, 28, 38, 10, 20, 37, 6, 30, 41, 15, 0]
Distance: 32214



ITERATION: 37

Ant 0 route: [0, 29, 39, 12, 24, 31, 8, 19, 52, 49, 3, 23, 57, 43, 17, 22, 11, 56, 42, 26, 4, 9, 50, 46, 48, 2, 51, 34, 16, 35, 18, 27, 33, 14, 36, 13, 32, 44, 45, 55, 28, 38, 10, 15, 7, 21, 5, 25, 53, 54, 1, 40, 47, 20, 37, 6, 30, 41, 0]
Distance: 35394

Ant 1 route: [0, 29, 39, 12, 24, 31, 8, 19, 52, 49, 3, 23, 57, 43, 17, 22, 11, 56, 42, 26, 4, 9, 50, 46, 48, 2, 51, 34, 47, 1, 40, 53, 54, 7, 21, 5, 25, 18, 27, 33, 14, 36, 13, 16, 35, 38, 10, 20, 37, 6, 30, 41, 15, 28, 32, 44, 45, 55, 0]
Distance: 34693



ITERATION: 38

Ant 0 route: [0, 29, 39, 12, 24, 31, 8, 19, 52, 49, 3, 23, 57, 43, 17, 22, 11, 56, 42, 26, 4, 9, 50, 46, 48, 2, 51, 34, 16, 35, 18, 27, 28, 32, 44, 45, 55, 33, 14, 36, 13, 5, 25, 7, 21, 1, 40, 53, 54, 47, 20, 37, 6, 30, 41, 15, 10, 38, 0]
Distance: 33111

Ant 1 route: [0, 29, 39, 12, 24, 31, 8, 19, 52, 49, 3, 23, 57, 43, 17, 22, 11, 56, 42, 26, 4, 9, 50, 46, 48, 2, 51, 34, 47, 1, 40, 53, 54, 7, 21, 5, 25, 18, 27, 35, 38, 10, 20, 36, 13, 32, 44, 45, 55, 33, 14, 16, 15, 41, 37, 6, 30, 28, 0]
Distance: 34690



ITERATION: 39

Ant 0 route: [0, 29, 39, 12, 24, 31, 8, 19, 52, 49, 3, 23, 57, 43, 17, 22, 11, 56, 42, 26, 4, 9, 50, 46, 48, 2, 34, 16, 35, 18, 27, 20, 36, 13, 32, 44, 45, 55, 33, 14, 53, 54, 1, 40, 47, 28, 38, 10, 15, 7, 21, 5, 25, 51, 41, 37, 6, 30, 0]
Distance: 35780

Ant 1 route: [0, 29, 39, 12, 24, 31, 8, 19, 52, 49, 3, 23, 57, 43, 17, 22, 11, 56, 42, 26, 4, 9, 50, 46, 48, 2, 51, 34, 47, 1, 40, 53, 54, 7, 21, 5, 25, 16, 35, 18, 27, 33, 14, 36, 13, 32, 44, 45, 55, 28, 38, 10, 20, 37, 6, 30, 41, 15, 0]
Distance: 33072



ITERATION: 40

Ant 0 route: [0, 29, 39, 12, 24, 31, 8, 19, 52, 49, 3, 23, 57, 43, 17, 22, 11, 56, 42, 26, 4, 9, 50, 46, 48, 2, 51, 34, 47, 1, 40, 53, 54, 7, 21, 5, 25, 18, 27, 20, 36, 13, 32, 44, 45, 55, 33, 14, 16, 35, 38, 10, 15, 28, 37, 6, 30, 41, 0]
Distance: 34526

Ant 1 route: [0, 29, 39, 12, 24, 31, 8, 19, 52, 49, 3, 23, 57, 43, 17, 22, 11, 56, 42, 26, 4, 9, 50, 46, 48, 2, 51, 34, 16, 35, 18, 27, 33, 14, 36, 13, 32, 44, 45, 55, 28, 38, 10, 15, 41, 37, 6, 30, 21, 5, 25, 53, 54, 1, 40, 47, 20, 7, 0]
Distance: 33887



ITERATION: 41

Ant 0 route: [0, 29, 39, 12, 24, 31, 8, 19, 52, 49, 3, 23, 57, 43, 17, 22, 11, 56, 42, 26, 4, 9, 50, 46, 48, 2, 51, 34, 47, 1, 40, 53, 54, 7, 21, 5, 25, 16, 35, 38, 10, 15, 41, 37, 6, 30, 28, 32, 44, 45, 55, 33, 14, 36, 13, 27, 20, 18, 0]
Distance: 32870

Ant 1 route: [0, 29, 39, 12, 24, 31, 8, 19, 52, 49, 3, 23, 57, 43, 17, 22, 11, 56, 42, 26, 4, 9, 50, 46, 48, 2, 51, 34, 47, 1, 40, 53, 54, 7, 21, 5, 25, 18, 27, 20, 36, 13, 32, 44, 45, 55, 33, 14, 16, 35, 38, 10, 15, 41, 37, 6, 30, 28, 0]
Distance: 33182



ITERATION: 42

Ant 0 route: [0, 29, 39, 12, 24, 31, 8, 19, 52, 49, 3, 23, 57, 43, 17, 22, 11, 56, 42, 26, 4, 9, 50, 46, 48, 2, 51, 34, 47, 1, 40, 53, 54, 7, 21, 5, 25, 18, 27, 33, 14, 36, 13, 32, 44, 45, 55, 28, 38, 10, 15, 41, 37, 6, 30, 35, 16, 20, 0]
Distance: 33757

Ant 1 route: [0, 29, 39, 12, 24, 31, 8, 19, 52, 49, 3, 23, 57, 43, 17, 22, 11, 56, 42, 26, 4, 9, 50, 46, 48, 2, 51, 34, 47, 1, 40, 53, 54, 7, 21, 5, 25, 18, 27, 20, 36, 13, 32, 44, 45, 55, 33, 14, 16, 35, 38, 10, 15, 41, 37, 6, 30, 28, 0]
Distance: 33182



ITERATION: 43

Ant 0 route: [0, 29, 39, 12, 24, 31, 8, 19, 52, 49, 3, 23, 57, 43, 17, 22, 11, 56, 42, 26, 4, 9, 50, 46, 48, 2, 51, 34, 47, 1, 40, 53, 54, 7, 21, 5, 25, 18, 27, 20, 38, 10, 15, 41, 37, 6, 30, 28, 32, 44, 45, 55, 33, 14, 36, 13, 16, 35, 0]
Distance: 32313

Ant 1 route: [0, 29, 39, 12, 24, 31, 8, 19, 52, 49, 3, 23, 57, 43, 17, 22, 11, 56, 42, 26, 4, 9, 50, 46, 48, 2, 51, 34, 47, 1, 40, 53, 54, 7, 21, 5, 25, 16, 35, 18, 27, 20, 36, 13, 32, 44, 45, 55, 33, 14, 28, 38, 10, 15, 41, 37, 6, 30, 0]
Distance: 32126



ITERATION: 44

Ant 0 route: [0, 29, 39, 12, 24, 31, 8, 19, 52, 49, 3, 23, 57, 43, 17, 22, 11, 56, 42, 26, 4, 9, 50, 46, 48, 2, 51, 34, 47, 1, 40, 53, 54, 7, 21, 5, 25, 16, 35, 18, 27, 20, 38, 10, 15, 41, 37, 6, 30, 28, 32, 44, 45, 55, 33, 14, 36, 13, 0]
Distance: 32516

Ant 1 route: [0, 29, 39, 12, 24, 31, 8, 19, 52, 49, 3, 23, 57, 43, 17, 22, 11, 56, 42, 26, 4, 9, 50, 46, 48, 2, 51, 34, 47, 1, 40, 53, 54, 7, 21, 5, 25, 18, 27, 33, 14, 36, 13, 32, 44, 45, 55, 28, 38, 10, 15, 41, 37, 6, 30, 35, 16, 20, 0]
Distance: 33757



ITERATION: 45

Ant 0 route: [0, 29, 39, 12, 24, 31, 8, 19, 52, 49, 3, 23, 57, 43, 17, 22, 11, 56, 42, 26, 4, 9, 50, 46, 48, 2, 51, 34, 47, 1, 40, 53, 54, 7, 21, 5, 25, 16, 35, 18, 27, 20, 36, 13, 32, 44, 45, 55, 33, 14, 28, 38, 10, 15, 41, 37, 6, 30, 0]
Distance: 32126

Ant 1 route: [0, 29, 39, 12, 24, 31, 8, 19, 52, 49, 3, 23, 57, 43, 17, 22, 11, 56, 42, 26, 4, 9, 50, 46, 48, 2, 51, 34, 47, 1, 40, 53, 54, 7, 21, 5, 25, 16, 35, 18, 27, 33, 14, 36, 13, 32, 44, 45, 55, 28, 38, 10, 15, 41, 37, 6, 30, 20, 0]
Distance: 33407



ITERATION: 46

Ant 0 route: [0, 29, 39, 12, 24, 31, 8, 19, 52, 49, 3, 23, 57, 43, 17, 22, 11, 56, 42, 26, 4, 9, 50, 46, 48, 2, 51, 34, 47, 1, 40, 53, 54, 7, 21, 5, 25, 16, 35, 18, 27, 33, 14, 36, 13, 32, 44, 45, 55, 28, 38, 10, 15, 41, 37, 6, 30, 20, 0]
Distance: 33407

Ant 1 route: [0, 29, 39, 12, 24, 31, 8, 19, 52, 49, 3, 23, 57, 43, 17, 22, 11, 56, 42, 26, 4, 9, 50, 46, 48, 2, 51, 34, 47, 1, 40, 53, 54, 7, 21, 5, 25, 16, 35, 18, 27, 33, 14, 36, 13, 32, 44, 45, 55, 28, 38, 10, 15, 41, 37, 6, 30, 20, 0]
Distance: 33407



ITERATION: 47

Ant 0 route: [0, 29, 39, 12, 24, 31, 8, 19, 52, 49, 3, 23, 57, 43, 17, 22, 11, 56, 42, 26, 4, 9, 50, 46, 48, 2, 51, 34, 47, 1, 40, 53, 54, 7, 21, 5, 25, 16, 35, 18, 27, 20, 36, 13, 32, 44, 45, 55, 33, 14, 28, 38, 10, 15, 41, 37, 6, 30, 0]
Distance: 32126

Ant 1 route: [0, 29, 39, 12, 24, 31, 8, 19, 52, 49, 3, 23, 57, 43, 17, 22, 11, 56, 42, 26, 4, 9, 50, 46, 48, 2, 51, 34, 47, 1, 40, 53, 54, 7, 21, 5, 25, 16, 35, 18, 27, 33, 14, 36, 13, 32, 44, 45, 55, 28, 38, 10, 15, 41, 37, 6, 30, 20, 0]
Distance: 33407



ITERATION: 48

Ant 0 route: [0, 29, 39, 12, 24, 31, 8, 19, 52, 49, 3, 23, 57, 43, 17, 22, 11, 56, 42, 26, 4, 9, 50, 46, 48, 2, 51, 34, 47, 1, 40, 53, 54, 7, 21, 5, 25, 16, 35, 18, 27, 33, 14, 36, 13, 32, 44, 45, 55, 28, 38, 10, 15, 41, 37, 6, 30, 20, 0]
Distance: 33407

Ant 1 route: [0, 29, 39, 12, 24, 31, 8, 19, 52, 49, 3, 23, 57, 43, 17, 22, 11, 56, 42, 26, 4, 9, 50, 46, 48, 2, 51, 34, 47, 1, 40, 53, 54, 7, 21, 5, 25, 16, 35, 18, 27, 33, 14, 36, 13, 32, 44, 45, 55, 28, 38, 10, 15, 41, 37, 6, 30, 20, 0]
Distance: 33407



ITERATION: 49

Ant 0 route: [0, 29, 39, 12, 24, 31, 8, 19, 52, 49, 3, 23, 57, 43, 17, 22, 11, 56, 42, 26, 4, 9, 50, 46, 48, 2, 51, 34, 47, 1, 40, 53, 54, 7, 21, 5, 25, 16, 35, 18, 27, 33, 14, 36, 13, 32, 44, 45, 55, 28, 38, 10, 15, 41, 37, 6, 30, 20, 0]
Distance: 33407

Ant 1 route: [0, 29, 39, 12, 24, 31, 8, 19, 52, 49, 3, 23, 57, 43, 17, 22, 11, 56, 42, 26, 4, 9, 50, 46, 48, 2, 51, 34, 47, 1, 40, 53, 54, 7, 21, 5, 25, 16, 35, 18, 27, 33, 14, 36, 13, 32, 44, 45, 55, 28, 38, 10, 15, 41, 37, 6, 30, 20, 0]
Distance: 33407



ITERATION: 50

Ant 0 route: [0, 29, 39, 12, 24, 31, 8, 19, 52, 49, 3, 23, 57, 43, 17, 22, 11, 56, 42, 26, 4, 9, 50, 46, 48, 2, 51, 34, 47, 1, 40, 53, 54, 7, 21, 5, 25, 16, 35, 18, 27, 20, 36, 13, 32, 44, 45, 55, 33, 14, 28, 38, 10, 15, 41, 37, 6, 30, 0]
Distance: 32126

Ant 1 route: [0, 29, 39, 12, 24, 31, 8, 19, 52, 49, 3, 23, 57, 43, 17, 22, 11, 56, 42, 26, 4, 9, 50, 46, 48, 2, 51, 34, 47, 1, 40, 53, 54, 7, 21, 5, 25, 16, 35, 18, 27, 33, 14, 36, 13, 32, 44, 45, 55, 28, 38, 10, 15, 41, 37, 6, 30, 20, 0]
Distance: 33407



ITERATION: 51

Ant 0 route: [0, 29, 39, 12, 24, 31, 8, 19, 52, 49, 3, 23, 57, 43, 17, 22, 11, 56, 42, 26, 4, 9, 50, 46, 48, 2, 51, 34, 47, 1, 40, 53, 54, 7, 21, 5, 25, 16, 35, 18, 27, 33, 14, 36, 13, 32, 44, 45, 55, 28, 38, 10, 15, 41, 37, 6, 30, 20, 0]
Distance: 33407

Ant 1 route: [0, 29, 39, 12, 24, 31, 8, 19, 52, 49, 3, 23, 57, 43, 17, 22, 11, 56, 42, 26, 4, 9, 50, 46, 48, 2, 51, 34, 47, 1, 40, 53, 54, 7, 21, 5, 25, 16, 35, 18, 27, 33, 14, 36, 13, 32, 44, 45, 55, 28, 38, 10, 15, 41, 37, 6, 30, 20, 0]
Distance: 33407



ITERATION: 52

Ant 0 route: [0, 29, 39, 12, 24, 31, 8, 19, 52, 49, 3, 23, 57, 43, 17, 22, 11, 56, 42, 26, 4, 9, 50, 46, 48, 2, 51, 34, 47, 1, 40, 53, 54, 7, 21, 5, 25, 16, 35, 18, 27, 33, 14, 36, 13, 32, 44, 45, 55, 28, 38, 10, 15, 41, 37, 6, 30, 20, 0]
Distance: 33407

Ant 1 route: [0, 29, 39, 12, 24, 31, 8, 19, 52, 49, 3, 23, 57, 43, 17, 22, 11, 56, 42, 26, 4, 9, 50, 46, 48, 2, 51, 34, 47, 1, 40, 53, 54, 7, 21, 5, 25, 16, 35, 18, 27, 33, 14, 36, 13, 32, 44, 45, 55, 28, 38, 10, 15, 41, 37, 6, 30, 20, 0]
Distance: 33407



ITERATION: 53

Ant 0 route: [0, 29, 39, 12, 24, 31, 8, 19, 52, 49, 3, 23, 57, 43, 17, 22, 11, 56, 42, 26, 4, 9, 50, 46, 48, 2, 51, 34, 47, 1, 40, 53, 54, 7, 21, 5, 25, 16, 35, 18, 27, 33, 14, 36, 13, 32, 44, 45, 55, 28, 38, 10, 15, 41, 37, 6, 30, 20, 0]
Distance: 33407

Ant 1 route: [0, 29, 39, 12, 24, 31, 8, 19, 52, 49, 3, 23, 57, 43, 17, 22, 11, 56, 42, 26, 4, 9, 50, 46, 48, 2, 51, 34, 47, 1, 40, 53, 54, 7, 21, 5, 25, 16, 35, 18, 27, 33, 14, 36, 13, 32, 44, 45, 55, 28, 38, 10, 15, 41, 37, 6, 30, 20, 0]
Distance: 33407



ITERATION: 54

Ant 0 route: [0, 29, 39, 12, 24, 31, 8, 19, 52, 49, 3, 23, 57, 43, 17, 22, 11, 56, 42, 26, 4, 9, 50, 46, 48, 2, 51, 34, 47, 1, 40, 53, 54, 7, 21, 5, 25, 16, 35, 18, 27, 33, 14, 36, 13, 32, 44, 45, 55, 28, 38, 10, 15, 41, 37, 6, 30, 20, 0]
Distance: 33407

Ant 1 route: [0, 29, 39, 12, 24, 31, 8, 19, 52, 49, 3, 23, 57, 43, 17, 22, 11, 56, 42, 26, 4, 9, 50, 46, 48, 2, 51, 34, 47, 1, 40, 53, 54, 7, 21, 5, 25, 16, 35, 18, 27, 33, 14, 36, 13, 32, 44, 45, 55, 28, 38, 10, 15, 41, 37, 6, 30, 20, 0]
Distance: 33407



ITERATION: 55

Ant 0 route: [0, 29, 39, 12, 24, 31, 8, 19, 52, 49, 3, 23, 57, 43, 17, 22, 11, 56, 42, 26, 4, 9, 50, 46, 48, 2, 51, 34, 47, 1, 40, 53, 54, 7, 21, 5, 25, 16, 35, 18, 27, 33, 14, 36, 13, 32, 44, 45, 55, 28, 38, 10, 15, 41, 37, 6, 30, 20, 0]
Distance: 33407

Ant 1 route: [0, 29, 39, 12, 24, 31, 8, 19, 52, 49, 3, 23, 57, 43, 17, 22, 11, 56, 42, 26, 4, 9, 50, 46, 48, 2, 51, 34, 47, 1, 40, 53, 54, 7, 21, 5, 25, 16, 35, 18, 27, 33, 14, 36, 13, 32, 44, 45, 55, 28, 38, 10, 15, 41, 37, 6, 30, 20, 0]
Distance: 33407



ITERATION: 56

Ant 0 route: [0, 29, 39, 12, 24, 31, 8, 19, 52, 49, 3, 23, 57, 43, 17, 22, 11, 56, 42, 26, 4, 9, 50, 46, 48, 2, 51, 34, 47, 1, 40, 53, 54, 7, 21, 5, 25, 16, 35, 18, 27, 33, 14, 36, 13, 32, 44, 45, 55, 28, 38, 10, 15, 41, 37, 6, 30, 20, 0]
Distance: 33407

Ant 1 route: [0, 29, 39, 12, 24, 31, 8, 19, 52, 49, 3, 23, 57, 43, 17, 22, 11, 56, 42, 26, 4, 9, 50, 46, 48, 2, 51, 34, 47, 1, 40, 53, 54, 7, 21, 5, 25, 16, 35, 18, 27, 33, 14, 36, 13, 32, 44, 45, 55, 28, 38, 10, 15, 41, 37, 6, 30, 20, 0]
Distance: 33407



ITERATION: 57

Ant 0 route: [0, 29, 39, 12, 24, 31, 8, 19, 52, 49, 3, 23, 57, 43, 17, 22, 11, 56, 42, 26, 4, 9, 50, 46, 48, 2, 51, 34, 47, 1, 40, 53, 54, 7, 21, 5, 25, 16, 35, 18, 27, 33, 14, 36, 13, 32, 44, 45, 55, 28, 38, 10, 15, 41, 37, 6, 30, 20, 0]
Distance: 33407

Ant 1 route: [0, 29, 39, 12, 24, 31, 8, 19, 52, 49, 3, 23, 57, 43, 17, 22, 11, 56, 42, 26, 4, 9, 50, 46, 48, 2, 51, 34, 47, 1, 40, 53, 54, 7, 21, 5, 25, 16, 35, 18, 27, 33, 14, 36, 13, 32, 44, 45, 55, 28, 38, 10, 15, 41, 37, 6, 30, 20, 0]
Distance: 33407



ITERATION: 58

Ant 0 route: [0, 29, 39, 12, 24, 31, 8, 19, 52, 49, 3, 23, 57, 43, 17, 22, 11, 56, 42, 26, 4, 9, 50, 46, 48, 2, 51, 34, 47, 1, 40, 53, 54, 7, 21, 5, 25, 16, 35, 18, 27, 33, 14, 36, 13, 32, 44, 45, 55, 28, 38, 10, 15, 41, 37, 6, 30, 20, 0]
Distance: 33407

Ant 1 route: [0, 29, 39, 12, 24, 31, 8, 19, 52, 49, 3, 23, 57, 43, 17, 22, 11, 56, 42, 26, 4, 9, 50, 46, 48, 2, 51, 34, 47, 1, 40, 53, 54, 7, 21, 5, 25, 16, 35, 18, 27, 33, 14, 36, 13, 32, 44, 45, 55, 28, 38, 10, 15, 41, 37, 6, 30, 20, 0]
Distance: 33407



ITERATION: 59

Ant 0 route: [0, 29, 39, 12, 24, 31, 8, 19, 52, 49, 3, 23, 57, 43, 17, 22, 11, 56, 42, 26, 4, 9, 50, 46, 48, 2, 51, 34, 47, 1, 40, 53, 54, 7, 21, 5, 25, 16, 35, 18, 27, 33, 14, 36, 13, 32, 44, 45, 55, 28, 38, 10, 15, 41, 37, 6, 30, 20, 0]
Distance: 33407

Ant 1 route: [0, 29, 39, 12, 24, 31, 8, 19, 52, 49, 3, 23, 57, 43, 17, 22, 11, 56, 42, 26, 4, 9, 50, 46, 48, 2, 51, 34, 47, 1, 40, 53, 54, 7, 21, 5, 25, 16, 35, 18, 27, 33, 14, 36, 13, 32, 44, 45, 55, 28, 38, 10, 15, 41, 37, 6, 30, 20, 0]
Distance: 33407



ITERATION: 60

Ant 0 route: [0, 29, 39, 12, 24, 31, 8, 19, 52, 49, 3, 23, 57, 43, 17, 22, 11, 56, 42, 26, 4, 9, 50, 46, 48, 2, 51, 34, 47, 1, 40, 53, 54, 7, 21, 5, 25, 16, 35, 18, 27, 33, 14, 36, 13, 32, 44, 45, 55, 28, 38, 10, 15, 41, 37, 6, 30, 20, 0]
Distance: 33407

Ant 1 route: [0, 29, 39, 12, 24, 31, 8, 19, 52, 49, 3, 23, 57, 43, 17, 22, 11, 56, 42, 26, 4, 9, 50, 46, 48, 2, 51, 34, 47, 1, 40, 53, 54, 7, 21, 5, 25, 16, 35, 18, 27, 33, 14, 36, 13, 32, 44, 45, 55, 28, 38, 10, 15, 41, 37, 6, 30, 20, 0]
Distance: 33407



ITERATION: 61

Ant 0 route: [0, 29, 39, 12, 24, 31, 8, 19, 52, 49, 3, 23, 57, 43, 17, 22, 11, 56, 42, 26, 4, 9, 50, 46, 48, 2, 51, 34, 47, 1, 40, 53, 54, 7, 21, 5, 25, 16, 35, 18, 27, 33, 14, 36, 13, 32, 44, 45, 55, 28, 38, 10, 15, 41, 37, 6, 30, 20, 0]
Distance: 33407

Ant 1 route: [0, 29, 39, 12, 24, 31, 8, 19, 52, 49, 3, 23, 57, 43, 17, 22, 11, 56, 42, 26, 4, 9, 50, 46, 48, 2, 51, 34, 47, 1, 40, 53, 54, 7, 21, 5, 25, 16, 35, 18, 27, 33, 14, 36, 13, 32, 44, 45, 55, 28, 38, 10, 15, 41, 37, 6, 30, 20, 0]
Distance: 33407



ITERATION: 62

Ant 0 route: [0, 29, 39, 12, 24, 31, 8, 19, 52, 49, 3, 23, 57, 43, 17, 22, 11, 56, 42, 26, 4, 9, 50, 46, 48, 2, 51, 34, 47, 1, 40, 53, 54, 7, 21, 5, 25, 16, 35, 18, 27, 33, 14, 36, 13, 32, 44, 45, 55, 28, 38, 10, 15, 41, 37, 6, 30, 20, 0]
Distance: 33407

Ant 1 route: [0, 29, 39, 12, 24, 31, 8, 19, 52, 49, 3, 23, 57, 43, 17, 22, 11, 56, 42, 26, 4, 9, 50, 46, 48, 2, 51, 34, 47, 1, 40, 53, 54, 7, 21, 5, 25, 16, 35, 18, 27, 33, 14, 36, 13, 32, 44, 45, 55, 28, 38, 10, 15, 41, 37, 6, 30, 20, 0]
Distance: 33407



ITERATION: 63

Ant 0 route: [0, 29, 39, 12, 24, 31, 8, 19, 52, 49, 3, 23, 57, 43, 17, 22, 11, 56, 42, 26, 4, 9, 50, 46, 48, 2, 51, 34, 47, 1, 40, 53, 54, 7, 21, 5, 25, 16, 35, 18, 27, 33, 14, 36, 13, 32, 44, 45, 55, 28, 38, 10, 15, 41, 37, 6, 30, 20, 0]
Distance: 33407

Ant 1 route: [0, 29, 39, 12, 24, 31, 8, 19, 52, 49, 3, 23, 57, 43, 17, 22, 11, 56, 42, 26, 4, 9, 50, 46, 48, 2, 51, 34, 47, 1, 40, 53, 54, 7, 21, 5, 25, 16, 35, 18, 27, 33, 14, 36, 13, 32, 44, 45, 55, 28, 38, 10, 15, 41, 37, 6, 30, 20, 0]
Distance: 33407



ITERATION: 64

Ant 0 route: [0, 29, 39, 12, 24, 31, 8, 19, 52, 49, 3, 23, 57, 43, 17, 22, 11, 56, 42, 26, 4, 9, 50, 46, 48, 2, 51, 34, 47, 1, 40, 53, 54, 7, 21, 5, 25, 16, 35, 18, 27, 33, 14, 36, 13, 32, 44, 45, 55, 28, 38, 10, 15, 41, 37, 6, 30, 20, 0]
Distance: 33407

Ant 1 route: [0, 29, 39, 12, 24, 31, 8, 19, 52, 49, 3, 23, 57, 43, 17, 22, 11, 56, 42, 26, 4, 9, 50, 46, 48, 2, 51, 34, 47, 1, 40, 53, 54, 7, 21, 5, 25, 16, 35, 18, 27, 33, 14, 36, 13, 32, 44, 45, 55, 28, 38, 10, 15, 41, 37, 6, 30, 20, 0]
Distance: 33407



ITERATION: 65

Ant 0 route: [0, 29, 39, 12, 24, 31, 8, 19, 52, 49, 3, 23, 57, 43, 17, 22, 11, 56, 42, 26, 4, 9, 50, 46, 48, 2, 51, 34, 47, 1, 40, 53, 54, 7, 21, 5, 25, 16, 35, 18, 27, 33, 14, 36, 13, 32, 44, 45, 55, 28, 38, 10, 15, 41, 37, 6, 30, 20, 0]
Distance: 33407

Ant 1 route: [0, 29, 39, 12, 24, 31, 8, 19, 52, 49, 3, 23, 57, 43, 17, 22, 11, 56, 42, 26, 4, 9, 50, 46, 48, 2, 51, 34, 47, 1, 40, 53, 54, 7, 21, 5, 25, 16, 35, 18, 27, 33, 14, 36, 13, 32, 44, 45, 55, 28, 38, 10, 15, 41, 37, 6, 30, 20, 0]
Distance: 33407



ITERATION: 66

Ant 0 route: [0, 29, 39, 12, 24, 31, 8, 19, 52, 49, 3, 23, 57, 43, 17, 22, 11, 56, 42, 26, 4, 9, 50, 46, 48, 2, 51, 34, 47, 1, 40, 53, 54, 7, 21, 5, 25, 16, 35, 18, 27, 33, 14, 36, 13, 32, 44, 45, 55, 28, 38, 10, 15, 41, 37, 6, 30, 20, 0]
Distance: 33407

Ant 1 route: [0, 29, 39, 12, 24, 31, 8, 19, 52, 49, 3, 23, 57, 43, 17, 22, 11, 56, 42, 26, 4, 9, 50, 46, 48, 2, 51, 34, 47, 1, 40, 53, 54, 7, 21, 5, 25, 16, 35, 18, 27, 33, 14, 36, 13, 32, 44, 45, 55, 28, 38, 10, 15, 41, 37, 6, 30, 20, 0]
Distance: 33407



ITERATION: 67

Ant 0 route: [0, 29, 39, 12, 24, 31, 8, 19, 52, 49, 3, 23, 57, 43, 17, 22, 11, 56, 42, 26, 4, 9, 50, 46, 48, 2, 51, 34, 47, 1, 40, 53, 54, 7, 21, 5, 25, 16, 35, 18, 27, 33, 14, 36, 13, 32, 44, 45, 55, 28, 38, 10, 15, 41, 37, 6, 30, 20, 0]
Distance: 33407

Ant 1 route: [0, 29, 39, 12, 24, 31, 8, 19, 52, 49, 3, 23, 57, 43, 17, 22, 11, 56, 42, 26, 4, 9, 50, 46, 48, 2, 51, 34, 47, 1, 40, 53, 54, 7, 21, 5, 25, 16, 35, 18, 27, 33, 14, 36, 13, 32, 44, 45, 55, 28, 38, 10, 15, 41, 37, 6, 30, 20, 0]
Distance: 33407



ITERATION: 68

Ant 0 route: [0, 29, 39, 12, 24, 31, 8, 19, 52, 49, 3, 23, 57, 43, 17, 22, 11, 56, 42, 26, 4, 9, 50, 46, 48, 2, 51, 34, 47, 1, 40, 53, 54, 7, 21, 5, 25, 16, 35, 18, 27, 33, 14, 36, 13, 32, 44, 45, 55, 28, 38, 10, 15, 41, 37, 6, 30, 20, 0]
Distance: 33407

Ant 1 route: [0, 29, 39, 12, 24, 31, 8, 19, 52, 49, 3, 23, 57, 43, 17, 22, 11, 56, 42, 26, 4, 9, 50, 46, 48, 2, 51, 34, 47, 1, 40, 53, 54, 7, 21, 5, 25, 16, 35, 18, 27, 33, 14, 36, 13, 32, 44, 45, 55, 28, 38, 10, 15, 41, 37, 6, 30, 20, 0]
Distance: 33407



ITERATION: 69

Ant 0 route: [0, 29, 39, 12, 24, 31, 8, 19, 52, 49, 3, 23, 57, 43, 17, 22, 11, 56, 42, 26, 4, 9, 50, 46, 48, 2, 51, 34, 47, 1, 40, 53, 54, 7, 21, 5, 25, 16, 35, 18, 27, 33, 14, 36, 13, 32, 44, 45, 55, 28, 38, 10, 15, 41, 37, 6, 30, 20, 0]
Distance: 33407

Ant 1 route: [0, 29, 39, 12, 24, 31, 8, 19, 52, 49, 3, 23, 57, 43, 17, 22, 11, 56, 42, 26, 4, 9, 50, 46, 48, 2, 51, 34, 47, 1, 40, 53, 54, 7, 21, 5, 25, 16, 35, 18, 27, 33, 14, 36, 13, 32, 44, 45, 55, 28, 38, 10, 15, 41, 37, 6, 30, 20, 0]
Distance: 33407



ITERATION: 70

Ant 0 route: [0, 29, 39, 12, 24, 31, 8, 19, 52, 49, 3, 23, 57, 43, 17, 22, 11, 56, 42, 26, 4, 9, 50, 46, 48, 2, 51, 34, 47, 1, 40, 53, 54, 7, 21, 5, 25, 16, 35, 18, 27, 33, 14, 36, 13, 32, 44, 45, 55, 28, 38, 10, 15, 41, 37, 6, 30, 20, 0]
Distance: 33407

Ant 1 route: [0, 29, 39, 12, 24, 31, 8, 19, 52, 49, 3, 23, 57, 43, 17, 22, 11, 56, 42, 26, 4, 9, 50, 46, 48, 2, 51, 34, 47, 1, 40, 53, 54, 7, 21, 5, 25, 16, 35, 18, 27, 33, 14, 36, 13, 32, 44, 45, 55, 28, 38, 10, 15, 41, 37, 6, 30, 20, 0]
Distance: 33407



ITERATION: 71

Ant 0 route: [0, 29, 39, 12, 24, 31, 8, 19, 52, 49, 3, 23, 57, 43, 17, 22, 11, 56, 42, 26, 4, 9, 50, 46, 48, 2, 51, 34, 47, 1, 40, 53, 54, 7, 21, 5, 25, 16, 35, 18, 27, 33, 14, 36, 13, 32, 44, 45, 55, 28, 38, 10, 15, 41, 37, 6, 30, 20, 0]
Distance: 33407

Ant 1 route: [0, 29, 39, 12, 24, 31, 8, 19, 52, 49, 3, 23, 57, 43, 17, 22, 11, 56, 42, 26, 4, 9, 50, 46, 48, 2, 51, 34, 47, 1, 40, 53, 54, 7, 21, 5, 25, 16, 35, 18, 27, 33, 14, 36, 13, 32, 44, 45, 55, 28, 38, 10, 15, 41, 37, 6, 30, 20, 0]
Distance: 33407



ITERATION: 72

Ant 0 route: [0, 29, 39, 12, 24, 31, 8, 19, 52, 49, 3, 23, 57, 43, 17, 22, 11, 56, 42, 26, 4, 9, 50, 46, 48, 2, 51, 34, 47, 1, 40, 53, 54, 7, 21, 5, 25, 16, 35, 18, 27, 33, 14, 36, 13, 32, 44, 45, 55, 28, 38, 10, 15, 41, 37, 6, 30, 20, 0]
Distance: 33407

Ant 1 route: [0, 29, 39, 12, 24, 31, 8, 19, 52, 49, 3, 23, 57, 43, 17, 22, 11, 56, 42, 26, 4, 9, 50, 46, 48, 2, 51, 34, 47, 1, 40, 53, 54, 7, 21, 5, 25, 16, 35, 18, 27, 33, 14, 36, 13, 32, 44, 45, 55, 28, 38, 10, 15, 41, 37, 6, 30, 20, 0]
Distance: 33407



ITERATION: 73

Ant 0 route: [0, 29, 39, 12, 24, 31, 8, 19, 52, 49, 3, 23, 57, 43, 17, 22, 11, 56, 42, 26, 4, 9, 50, 46, 48, 2, 51, 34, 47, 1, 40, 53, 54, 7, 21, 5, 25, 16, 35, 18, 27, 33, 14, 36, 13, 32, 44, 45, 55, 28, 38, 10, 15, 41, 37, 6, 30, 20, 0]
Distance: 33407

Ant 1 route: [0, 29, 39, 12, 24, 31, 8, 19, 52, 49, 3, 23, 57, 43, 17, 22, 11, 56, 42, 26, 4, 9, 50, 46, 48, 2, 51, 34, 47, 1, 40, 53, 54, 7, 21, 5, 25, 16, 35, 18, 27, 33, 14, 36, 13, 32, 44, 45, 55, 28, 38, 10, 15, 41, 37, 6, 30, 20, 0]
Distance: 33407



ITERATION: 74

Ant 0 route: [0, 29, 39, 12, 24, 31, 8, 19, 52, 49, 3, 23, 57, 43, 17, 22, 11, 56, 42, 26, 4, 9, 50, 46, 48, 2, 51, 34, 47, 1, 40, 53, 54, 7, 21, 5, 25, 16, 35, 18, 27, 33, 14, 36, 13, 32, 44, 45, 55, 28, 38, 10, 15, 41, 37, 6, 30, 20, 0]
Distance: 33407

Ant 1 route: [0, 29, 39, 12, 24, 31, 8, 19, 52, 49, 3, 23, 57, 43, 17, 22, 11, 56, 42, 26, 4, 9, 50, 46, 48, 2, 51, 34, 47, 1, 40, 53, 54, 7, 21, 5, 25, 16, 35, 18, 27, 33, 14, 36, 13, 32, 44, 45, 55, 28, 38, 10, 15, 41, 37, 6, 30, 20, 0]
Distance: 33407



ITERATION: 75

Ant 0 route: [0, 29, 39, 12, 24, 31, 8, 19, 52, 49, 3, 23, 57, 43, 17, 22, 11, 56, 42, 26, 4, 9, 50, 46, 48, 2, 51, 34, 47, 1, 40, 53, 54, 7, 21, 5, 25, 16, 35, 18, 27, 33, 14, 36, 13, 32, 44, 45, 55, 28, 38, 10, 15, 41, 37, 6, 30, 20, 0]
Distance: 33407

Ant 1 route: [0, 29, 39, 12, 24, 31, 8, 19, 52, 49, 3, 23, 57, 43, 17, 22, 11, 56, 42, 26, 4, 9, 50, 46, 48, 2, 51, 34, 47, 1, 40, 53, 54, 7, 21, 5, 25, 16, 35, 18, 27, 33, 14, 36, 13, 32, 44, 45, 55, 28, 38, 10, 15, 41, 37, 6, 30, 20, 0]
Distance: 33407



ITERATION: 76

Ant 0 route: [0, 29, 39, 12, 24, 31, 8, 19, 52, 49, 3, 23, 57, 43, 17, 22, 11, 56, 42, 26, 4, 9, 50, 46, 48, 2, 51, 34, 47, 1, 40, 53, 54, 7, 21, 5, 25, 16, 35, 18, 27, 33, 14, 36, 13, 32, 44, 45, 55, 28, 38, 10, 15, 41, 37, 6, 30, 20, 0]
Distance: 33407

Ant 1 route: [0, 29, 39, 12, 24, 31, 8, 19, 52, 49, 3, 23, 57, 43, 17, 22, 11, 56, 42, 26, 4, 9, 50, 46, 48, 2, 51, 34, 47, 1, 40, 53, 54, 7, 21, 5, 25, 16, 35, 18, 27, 33, 14, 36, 13, 32, 44, 45, 55, 28, 38, 10, 15, 41, 37, 6, 30, 20, 0]
Distance: 33407



ITERATION: 77

Ant 0 route: [0, 29, 39, 12, 24, 31, 8, 19, 52, 49, 3, 23, 57, 43, 17, 22, 11, 56, 42, 26, 4, 9, 50, 46, 48, 2, 51, 34, 47, 1, 40, 53, 54, 7, 21, 5, 25, 16, 35, 18, 27, 33, 14, 36, 13, 32, 44, 45, 55, 28, 38, 10, 15, 41, 37, 6, 30, 20, 0]
Distance: 33407

Ant 1 route: [0, 29, 39, 12, 24, 31, 8, 19, 52, 49, 3, 23, 57, 43, 17, 22, 11, 56, 42, 26, 4, 9, 50, 46, 48, 2, 51, 34, 47, 1, 40, 53, 54, 7, 21, 5, 25, 16, 35, 18, 27, 33, 14, 36, 13, 32, 44, 45, 55, 28, 38, 10, 15, 41, 37, 6, 30, 20, 0]
Distance: 33407



ITERATION: 78

Ant 0 route: [0, 29, 39, 12, 24, 31, 8, 19, 52, 49, 3, 23, 57, 43, 17, 22, 11, 56, 42, 26, 4, 9, 50, 46, 48, 2, 51, 34, 47, 1, 40, 53, 54, 7, 21, 5, 25, 16, 35, 18, 27, 33, 14, 36, 13, 32, 44, 45, 55, 28, 38, 10, 15, 41, 37, 6, 30, 20, 0]
Distance: 33407

Ant 1 route: [0, 29, 39, 12, 24, 31, 8, 19, 52, 49, 3, 23, 57, 43, 17, 22, 11, 56, 42, 26, 4, 9, 50, 46, 48, 2, 51, 34, 47, 1, 40, 53, 54, 7, 21, 5, 25, 16, 35, 18, 27, 33, 14, 36, 13, 32, 44, 45, 55, 28, 38, 10, 15, 41, 37, 6, 30, 20, 0]
Distance: 33407



ITERATION: 79

Ant 0 route: [0, 29, 39, 12, 24, 31, 8, 19, 52, 49, 3, 23, 57, 43, 17, 22, 11, 56, 42, 26, 4, 9, 50, 46, 48, 2, 51, 34, 47, 1, 40, 53, 54, 7, 21, 5, 25, 16, 35, 18, 27, 33, 14, 36, 13, 32, 44, 45, 55, 28, 38, 10, 15, 41, 37, 6, 30, 20, 0]
Distance: 33407

Ant 1 route: [0, 29, 39, 12, 24, 31, 8, 19, 52, 49, 3, 23, 57, 43, 17, 22, 11, 56, 42, 26, 4, 9, 50, 46, 48, 2, 51, 34, 47, 1, 40, 53, 54, 7, 21, 5, 25, 16, 35, 18, 27, 33, 14, 36, 13, 32, 44, 45, 55, 28, 38, 10, 15, 41, 37, 6, 30, 20, 0]
Distance: 33407



ITERATION: 80

Ant 0 route: [0, 29, 39, 12, 24, 31, 8, 19, 52, 49, 3, 23, 57, 43, 17, 22, 11, 56, 42, 26, 4, 9, 50, 46, 48, 2, 51, 34, 47, 1, 40, 53, 54, 7, 21, 5, 25, 16, 35, 18, 27, 33, 14, 36, 13, 32, 44, 45, 55, 28, 38, 10, 15, 41, 37, 6, 30, 20, 0]
Distance: 33407

Ant 1 route: [0, 29, 39, 12, 24, 31, 8, 19, 52, 49, 3, 23, 57, 43, 17, 22, 11, 56, 42, 26, 4, 9, 50, 46, 48, 2, 51, 34, 47, 1, 40, 53, 54, 7, 21, 5, 25, 16, 35, 18, 27, 33, 14, 36, 13, 32, 44, 45, 55, 28, 38, 10, 15, 41, 37, 6, 30, 20, 0]
Distance: 33407



ITERATION: 81

Ant 0 route: [0, 29, 39, 12, 24, 31, 8, 19, 52, 49, 3, 23, 57, 43, 17, 22, 11, 56, 42, 26, 4, 9, 50, 46, 48, 2, 51, 34, 47, 1, 40, 53, 54, 7, 21, 5, 25, 16, 35, 18, 27, 33, 14, 36, 13, 32, 44, 45, 55, 28, 38, 10, 15, 41, 37, 6, 30, 20, 0]
Distance: 33407

Ant 1 route: [0, 29, 39, 12, 24, 31, 8, 19, 52, 49, 3, 23, 57, 43, 17, 22, 11, 56, 42, 26, 4, 9, 50, 46, 48, 2, 51, 34, 47, 1, 40, 53, 54, 7, 21, 5, 25, 16, 35, 18, 27, 33, 14, 36, 13, 32, 44, 45, 55, 28, 38, 10, 15, 41, 37, 6, 30, 20, 0]
Distance: 33407



ITERATION: 82

Ant 0 route: [0, 29, 39, 12, 24, 31, 8, 19, 52, 49, 3, 23, 57, 43, 17, 22, 11, 56, 42, 26, 4, 9, 50, 46, 48, 2, 51, 34, 47, 1, 40, 53, 54, 7, 21, 5, 25, 16, 35, 18, 27, 33, 14, 36, 13, 32, 44, 45, 55, 28, 38, 10, 15, 41, 37, 6, 30, 20, 0]
Distance: 33407

Ant 1 route: [0, 29, 39, 12, 24, 31, 8, 19, 52, 49, 3, 23, 57, 43, 17, 22, 11, 56, 42, 26, 4, 9, 50, 46, 48, 2, 51, 34, 47, 1, 40, 53, 54, 7, 21, 5, 25, 16, 35, 18, 27, 33, 14, 36, 13, 32, 44, 45, 55, 28, 38, 10, 15, 41, 37, 6, 30, 20, 0]
Distance: 33407



ITERATION: 83

Ant 0 route: [0, 29, 39, 12, 24, 31, 8, 19, 52, 49, 3, 23, 57, 43, 17, 22, 11, 56, 42, 26, 4, 9, 50, 46, 48, 2, 51, 34, 47, 1, 40, 53, 54, 7, 21, 5, 25, 16, 35, 18, 27, 33, 14, 36, 13, 32, 44, 45, 55, 28, 38, 10, 15, 41, 37, 6, 30, 20, 0]
Distance: 33407

Ant 1 route: [0, 29, 39, 12, 24, 31, 8, 19, 52, 49, 3, 23, 57, 43, 17, 22, 11, 56, 42, 26, 4, 9, 50, 46, 48, 2, 51, 34, 47, 1, 40, 53, 54, 7, 21, 5, 25, 16, 35, 18, 27, 33, 14, 36, 13, 32, 44, 45, 55, 28, 38, 10, 15, 41, 37, 6, 30, 20, 0]
Distance: 33407



ITERATION: 84

Ant 0 route: [0, 29, 39, 12, 24, 31, 8, 19, 52, 49, 3, 23, 57, 43, 17, 22, 11, 56, 42, 26, 4, 9, 50, 46, 48, 2, 51, 34, 47, 1, 40, 53, 54, 7, 21, 5, 25, 16, 35, 18, 27, 33, 14, 36, 13, 32, 44, 45, 55, 28, 38, 10, 15, 41, 37, 6, 30, 20, 0]
Distance: 33407

Ant 1 route: [0, 29, 39, 12, 24, 31, 8, 19, 52, 49, 3, 23, 57, 43, 17, 22, 11, 56, 42, 26, 4, 9, 50, 46, 48, 2, 51, 34, 47, 1, 40, 53, 54, 7, 21, 5, 25, 16, 35, 18, 27, 33, 14, 36, 13, 32, 44, 45, 55, 28, 38, 10, 15, 41, 37, 6, 30, 20, 0]
Distance: 33407



ITERATION: 85

Ant 0 route: [0, 29, 39, 12, 24, 31, 8, 19, 52, 49, 3, 23, 57, 43, 17, 22, 11, 56, 42, 26, 4, 9, 50, 46, 48, 2, 51, 34, 47, 1, 40, 53, 54, 7, 21, 5, 25, 16, 35, 18, 27, 33, 14, 36, 13, 32, 44, 45, 55, 28, 38, 10, 15, 41, 37, 6, 30, 20, 0]
Distance: 33407

Ant 1 route: [0, 29, 39, 12, 24, 31, 8, 19, 52, 49, 3, 23, 57, 43, 17, 22, 11, 56, 42, 26, 4, 9, 50, 46, 48, 2, 51, 34, 47, 1, 40, 53, 54, 7, 21, 5, 25, 16, 35, 18, 27, 33, 14, 36, 13, 32, 44, 45, 55, 28, 38, 10, 15, 41, 37, 6, 30, 20, 0]
Distance: 33407



ITERATION: 86

Ant 0 route: [0, 29, 39, 12, 24, 31, 8, 19, 52, 49, 3, 23, 57, 43, 17, 22, 11, 56, 42, 26, 4, 9, 50, 46, 48, 2, 51, 34, 47, 1, 40, 53, 54, 7, 21, 5, 25, 16, 35, 18, 27, 33, 14, 36, 13, 32, 44, 45, 55, 28, 38, 10, 15, 41, 37, 6, 30, 20, 0]
Distance: 33407

Ant 1 route: [0, 29, 39, 12, 24, 31, 8, 19, 52, 49, 3, 23, 57, 43, 17, 22, 11, 56, 42, 26, 4, 9, 50, 46, 48, 2, 51, 34, 47, 1, 40, 53, 54, 7, 21, 5, 25, 16, 35, 18, 27, 33, 14, 36, 13, 32, 44, 45, 55, 28, 38, 10, 15, 41, 37, 6, 30, 20, 0]
Distance: 33407



ITERATION: 87

Ant 0 route: [0, 29, 39, 12, 24, 31, 8, 19, 52, 49, 3, 23, 57, 43, 17, 22, 11, 56, 42, 26, 4, 9, 50, 46, 48, 2, 51, 34, 47, 1, 40, 53, 54, 7, 21, 5, 25, 16, 35, 18, 27, 33, 14, 36, 13, 32, 44, 45, 55, 28, 38, 10, 15, 41, 37, 6, 30, 20, 0]
Distance: 33407

Ant 1 route: [0, 29, 39, 12, 24, 31, 8, 19, 52, 49, 3, 23, 57, 43, 17, 22, 11, 56, 42, 26, 4, 9, 50, 46, 48, 2, 51, 34, 47, 1, 40, 53, 54, 7, 21, 5, 25, 16, 35, 18, 27, 33, 14, 36, 13, 32, 44, 45, 55, 28, 38, 10, 15, 41, 37, 6, 30, 20, 0]
Distance: 33407



ITERATION: 88

Ant 0 route: [0, 29, 39, 12, 24, 31, 8, 19, 52, 49, 3, 23, 57, 43, 17, 22, 11, 56, 42, 26, 4, 9, 50, 46, 48, 2, 51, 34, 47, 1, 40, 53, 54, 7, 21, 5, 25, 16, 35, 18, 27, 33, 14, 36, 13, 32, 44, 45, 55, 28, 38, 10, 15, 41, 37, 6, 30, 20, 0]
Distance: 33407

Ant 1 route: [0, 29, 39, 12, 24, 31, 8, 19, 52, 49, 3, 23, 57, 43, 17, 22, 11, 56, 42, 26, 4, 9, 50, 46, 48, 2, 51, 34, 47, 1, 40, 53, 54, 7, 21, 5, 25, 16, 35, 18, 27, 33, 14, 36, 13, 32, 44, 45, 55, 28, 38, 10, 15, 41, 37, 6, 30, 20, 0]
Distance: 33407



ITERATION: 89

Ant 0 route: [0, 29, 39, 12, 24, 31, 8, 19, 52, 49, 3, 23, 57, 43, 17, 22, 11, 56, 42, 26, 4, 9, 50, 46, 48, 2, 51, 34, 47, 1, 40, 53, 54, 7, 21, 5, 25, 16, 35, 18, 27, 33, 14, 36, 13, 32, 44, 45, 55, 28, 38, 10, 15, 41, 37, 6, 30, 20, 0]
Distance: 33407

Ant 1 route: [0, 29, 39, 12, 24, 31, 8, 19, 52, 49, 3, 23, 57, 43, 17, 22, 11, 56, 42, 26, 4, 9, 50, 46, 48, 2, 51, 34, 47, 1, 40, 53, 54, 7, 21, 5, 25, 16, 35, 18, 27, 33, 14, 36, 13, 32, 44, 45, 55, 28, 38, 10, 15, 41, 37, 6, 30, 20, 0]
Distance: 33407



ITERATION: 90

Ant 0 route: [0, 29, 39, 12, 24, 31, 8, 19, 52, 49, 3, 23, 57, 43, 17, 22, 11, 56, 42, 26, 4, 9, 50, 46, 48, 2, 51, 34, 47, 1, 40, 53, 54, 7, 21, 5, 25, 16, 35, 18, 27, 33, 14, 36, 13, 32, 44, 45, 55, 28, 38, 10, 15, 41, 37, 6, 30, 20, 0]
Distance: 33407

Ant 1 route: [0, 29, 39, 12, 24, 31, 8, 19, 52, 49, 3, 23, 57, 43, 17, 22, 11, 56, 42, 26, 4, 9, 50, 46, 48, 2, 51, 34, 47, 1, 40, 53, 54, 7, 21, 5, 25, 16, 35, 18, 27, 33, 14, 36, 13, 32, 44, 45, 55, 28, 38, 10, 15, 41, 37, 6, 30, 20, 0]
Distance: 33407



ITERATION: 91

Ant 0 route: [0, 29, 39, 12, 24, 31, 8, 19, 52, 49, 3, 23, 57, 43, 17, 22, 11, 56, 42, 26, 4, 9, 50, 46, 48, 2, 51, 34, 47, 1, 40, 53, 54, 7, 21, 5, 25, 16, 35, 18, 27, 33, 14, 36, 13, 32, 44, 45, 55, 28, 38, 10, 15, 41, 37, 6, 30, 20, 0]
Distance: 33407

Ant 1 route: [0, 29, 39, 12, 24, 31, 8, 19, 52, 49, 3, 23, 57, 43, 17, 22, 11, 56, 42, 26, 4, 9, 50, 46, 48, 2, 51, 34, 47, 1, 40, 53, 54, 7, 21, 5, 25, 16, 35, 18, 27, 33, 14, 36, 13, 32, 44, 45, 55, 28, 38, 10, 15, 41, 37, 6, 30, 20, 0]
Distance: 33407



ITERATION: 92

Ant 0 route: [0, 29, 39, 12, 24, 31, 8, 19, 52, 49, 3, 23, 57, 43, 17, 22, 11, 56, 42, 26, 4, 9, 50, 46, 48, 2, 51, 34, 47, 1, 40, 53, 54, 7, 21, 5, 25, 16, 35, 18, 27, 33, 14, 36, 13, 32, 44, 45, 55, 28, 38, 10, 15, 41, 37, 6, 30, 20, 0]
Distance: 33407

Ant 1 route: [0, 29, 39, 12, 24, 31, 8, 19, 52, 49, 3, 23, 57, 43, 17, 22, 11, 56, 42, 26, 4, 9, 50, 46, 48, 2, 51, 34, 47, 1, 40, 53, 54, 7, 21, 5, 25, 16, 35, 18, 27, 33, 14, 36, 13, 32, 44, 45, 55, 28, 38, 10, 15, 41, 37, 6, 30, 20, 0]
Distance: 33407



ITERATION: 93

Ant 0 route: [0, 29, 39, 12, 24, 31, 8, 19, 52, 49, 3, 23, 57, 43, 17, 22, 11, 56, 42, 26, 4, 9, 50, 46, 48, 2, 51, 34, 47, 1, 40, 53, 54, 7, 21, 5, 25, 16, 35, 18, 27, 33, 14, 36, 13, 32, 44, 45, 55, 28, 38, 10, 15, 41, 37, 6, 30, 20, 0]
Distance: 33407

Ant 1 route: [0, 29, 39, 12, 24, 31, 8, 19, 52, 49, 3, 23, 57, 43, 17, 22, 11, 56, 42, 26, 4, 9, 50, 46, 48, 2, 51, 34, 47, 1, 40, 53, 54, 7, 21, 5, 25, 16, 35, 18, 27, 33, 14, 36, 13, 32, 44, 45, 55, 28, 38, 10, 15, 41, 37, 6, 30, 20, 0]
Distance: 33407



ITERATION: 94

Ant 0 route: [0, 29, 39, 12, 24, 31, 8, 19, 52, 49, 3, 23, 57, 43, 17, 22, 11, 56, 42, 26, 4, 9, 50, 46, 48, 2, 51, 34, 47, 1, 40, 53, 54, 7, 21, 5, 25, 16, 35, 18, 27, 33, 14, 36, 13, 32, 44, 45, 55, 28, 38, 10, 15, 41, 37, 6, 30, 20, 0]
Distance: 33407

Ant 1 route: [0, 29, 39, 12, 24, 31, 8, 19, 52, 49, 3, 23, 57, 43, 17, 22, 11, 56, 42, 26, 4, 9, 50, 46, 48, 2, 51, 34, 47, 1, 40, 53, 54, 7, 21, 5, 25, 16, 35, 18, 27, 33, 14, 36, 13, 32, 44, 45, 55, 28, 38, 10, 15, 41, 37, 6, 30, 20, 0]
Distance: 33407



ITERATION: 95

Ant 0 route: [0, 29, 39, 12, 24, 31, 8, 19, 52, 49, 3, 23, 57, 43, 17, 22, 11, 56, 42, 26, 4, 9, 50, 46, 48, 2, 51, 34, 47, 1, 40, 53, 54, 7, 21, 5, 25, 16, 35, 18, 27, 33, 14, 36, 13, 32, 44, 45, 55, 28, 38, 10, 15, 41, 37, 6, 30, 20, 0]
Distance: 33407

Ant 1 route: [0, 29, 39, 12, 24, 31, 8, 19, 52, 49, 3, 23, 57, 43, 17, 22, 11, 56, 42, 26, 4, 9, 50, 46, 48, 2, 51, 34, 47, 1, 40, 53, 54, 7, 21, 5, 25, 16, 35, 18, 27, 33, 14, 36, 13, 32, 44, 45, 55, 28, 38, 10, 15, 41, 37, 6, 30, 20, 0]
Distance: 33407



ITERATION: 96

Ant 0 route: [0, 29, 39, 12, 24, 31, 8, 19, 52, 49, 3, 23, 57, 43, 17, 22, 11, 56, 42, 26, 4, 9, 50, 46, 48, 2, 51, 34, 47, 1, 40, 53, 54, 7, 21, 5, 25, 16, 35, 18, 27, 33, 14, 36, 13, 32, 44, 45, 55, 28, 38, 10, 15, 41, 37, 6, 30, 20, 0]
Distance: 33407

Ant 1 route: [0, 29, 39, 12, 24, 31, 8, 19, 52, 49, 3, 23, 57, 43, 17, 22, 11, 56, 42, 26, 4, 9, 50, 46, 48, 2, 51, 34, 47, 1, 40, 53, 54, 7, 21, 5, 25, 16, 35, 18, 27, 33, 14, 36, 13, 32, 44, 45, 55, 28, 38, 10, 15, 41, 37, 6, 30, 20, 0]
Distance: 33407



ITERATION: 97

Ant 0 route: [0, 29, 39, 12, 24, 31, 8, 19, 52, 49, 3, 23, 57, 43, 17, 22, 11, 56, 42, 26, 4, 9, 50, 46, 48, 2, 51, 34, 47, 1, 40, 53, 54, 7, 21, 5, 25, 16, 35, 18, 27, 33, 14, 36, 13, 32, 44, 45, 55, 28, 38, 10, 15, 41, 37, 6, 30, 20, 0]
Distance: 33407

Ant 1 route: [0, 29, 39, 12, 24, 31, 8, 19, 52, 49, 3, 23, 57, 43, 17, 22, 11, 56, 42, 26, 4, 9, 50, 46, 48, 2, 51, 34, 47, 1, 40, 53, 54, 7, 21, 5, 25, 16, 35, 18, 27, 33, 14, 36, 13, 32, 44, 45, 55, 28, 38, 10, 15, 41, 37, 6, 30, 20, 0]
Distance: 33407



ITERATION: 98

Ant 0 route: [0, 29, 39, 12, 24, 31, 8, 19, 52, 49, 3, 23, 57, 43, 17, 22, 11, 56, 42, 26, 4, 9, 50, 46, 48, 2, 51, 34, 47, 1, 40, 53, 54, 7, 21, 5, 25, 16, 35, 18, 27, 33, 14, 36, 13, 32, 44, 45, 55, 28, 38, 10, 15, 41, 37, 6, 30, 20, 0]
Distance: 33407

Ant 1 route: [0, 29, 39, 12, 24, 31, 8, 19, 52, 49, 3, 23, 57, 43, 17, 22, 11, 56, 42, 26, 4, 9, 50, 46, 48, 2, 51, 34, 47, 1, 40, 53, 54, 7, 21, 5, 25, 16, 35, 18, 27, 33, 14, 36, 13, 32, 44, 45, 55, 28, 38, 10, 15, 41, 37, 6, 30, 20, 0]
Distance: 33407



ITERATION: 99

Ant 0 route: [0, 29, 39, 12, 24, 31, 8, 19, 52, 49, 3, 23, 57, 43, 17, 22, 11, 56, 42, 26, 4, 9, 50, 46, 48, 2, 51, 34, 47, 1, 40, 53, 54, 7, 21, 5, 25, 16, 35, 18, 27, 33, 14, 36, 13, 32, 44, 45, 55, 28, 38, 10, 15, 41, 37, 6, 30, 20, 0]
Distance: 33407

Ant 1 route: [0, 29, 39, 12, 24, 31, 8, 19, 52, 49, 3, 23, 57, 43, 17, 22, 11, 56, 42, 26, 4, 9, 50, 46, 48, 2, 51, 34, 47, 1, 40, 53, 54, 7, 21, 5, 25, 16, 35, 18, 27, 33, 14, 36, 13, 32, 44, 45, 55, 28, 38, 10, 15, 41, 37, 6, 30, 20, 0]
Distance: 33407



Duration is: 18.40131402015686 seconds.
Ant 0 best iteration: 32
Best route: [0, 29, 39, 12, 24, 31, 8, 19, 52, 49, 3, 23, 57, 43, 17, 22, 11, 56, 42, 26, 4, 9, 50, 46, 48, 2, 51, 34, 47, 1, 40, 53, 54, 7, 21, 5, 25, 16, 35, 18, 32, 44, 45, 55, 33, 14, 36, 13, 27, 20, 38, 10, 15, 41, 37, 6, 30, 28, 0]
Best distance: 32083

Ant 1 best iteration: 33
Best route: [0, 29, 39, 12, 24, 31, 8, 19, 52, 49, 3, 23, 57, 43, 17, 22, 11, 56, 42, 26, 4, 9, 50, 46, 48, 2, 51, 34, 47, 1, 40, 53, 54, 7, 21, 5, 25, 16, 35, 18, 32, 44, 45, 55, 33, 14, 36, 13, 27, 20, 38, 10, 15, 41, 37, 6, 30, 28, 0]
Best distance: 32083

