ITERATION: 0

Ant 0 route: [0, 10, 9, 2, 5, 11, 13, 12, 1, 8, 7, 6, 3, 4, 0]
Distance: 5370

Ant 1 route: [0, 10, 7, 1, 2, 13, 6, 12, 11, 5, 3, 9, 8, 4, 0]
Distance: 5337

Ant 2 route: [0, 7, 8, 6, 12, 10, 3, 2, 13, 1, 5, 11, 4, 9, 0]
Distance: 5457

Ant 3 route: [0, 7, 9, 8, 10, 1, 13, 2, 6, 4, 5, 11, 3, 12, 0]
Distance: 4162

Ant 4 route: [0, 10, 8, 1, 7, 13, 11, 5, 6, 12, 2, 4, 3, 9, 0]
Distance: 4727

Ant 5 route: [0, 7, 1, 13, 5, 11, 6, 12, 4, 2, 3, 8, 10, 9, 0]
Distance: 4393

Ant 6 route: [0, 7, 10, 8, 1, 11, 5, 13, 2, 3, 4, 6, 12, 9, 0]
Distance: 4030

Ant 7 route: [0, 10, 8, 7, 9, 1, 2, 13, 5, 11, 6, 12, 4, 3, 0]
Distance: 4249



ITERATION: 1

Ant 0 route: [0, 7, 8, 10, 9, 2, 6, 5, 11, 1, 12, 13, 3, 4, 0]
Distance: 5101

Ant 1 route: [0, 7, 8, 10, 2, 13, 6, 12, 5, 11, 4, 1, 9, 3, 0]
Distance: 5425

Ant 2 route: [0, 6, 7, 3, 5, 11, 13, 1, 12, 10, 8, 4, 2, 9, 0]
Distance: 6150

Ant 3 route: [0, 10, 8, 9, 1, 7, 13, 5, 11, 3, 4, 6, 12, 2, 0]
Distance: 4118

Ant 4 route: [0, 7, 10, 8, 12, 13, 2, 4, 6, 11, 5, 3, 9, 1, 0]
Distance: 4469

Ant 5 route: [0, 7, 3, 5, 11, 13, 10, 8, 1, 6, 12, 9, 2, 4, 0]
Distance: 5911

Ant 6 route: [0, 7, 8, 10, 6, 11, 5, 1, 12, 3, 4, 2, 13, 9, 0]
Distance: 4981

Ant 7 route: [0, 7, 1, 8, 10, 6, 5, 11, 3, 9, 2, 12, 4, 13, 0]
Distance: 5580



ITERATION: 2

Ant 0 route: [0, 7, 10, 8, 5, 11, 6, 2, 1, 9, 12, 13, 3, 4, 0]
Distance: 5047

Ant 1 route: [0, 7, 10, 8, 6, 3, 5, 11, 4, 1, 2, 13, 12, 9, 0]
Distance: 4722

Ant 2 route: [0, 10, 8, 7, 13, 2, 11, 5, 6, 12, 1, 9, 3, 4, 0]
Distance: 5028

Ant 3 route: [0, 10, 8, 12, 6, 5, 11, 13, 1, 3, 2, 7, 9, 4, 0]
Distance: 5543

Ant 4 route: [0, 10, 8, 7, 5, 11, 2, 12, 6, 3, 13, 4, 1, 9, 0]
Distance: 5052

Ant 5 route: [0, 7, 10, 8, 2, 12, 6, 5, 11, 13, 9, 1, 3, 4, 0]
Distance: 5239

Ant 6 route: [0, 7, 8, 10, 12, 4, 13, 11, 5, 6, 2, 1, 9, 3, 0]
Distance: 5375

Ant 7 route: [0, 7, 8, 10, 4, 13, 11, 5, 6, 12, 3, 1, 9, 2, 0]
Distance: 5414



ITERATION: 3

Ant 0 route: [0, 9, 8, 10, 7, 1, 12, 11, 5, 13, 3, 2, 4, 6, 0]
Distance: 4283

Ant 1 route: [0, 10, 8, 7, 1, 12, 6, 13, 2, 3, 5, 11, 9, 4, 0]
Distance: 5233

Ant 2 route: [0, 7, 8, 10, 12, 6, 5, 11, 2, 13, 1, 9, 3, 4, 0]
Distance: 4860

Ant 3 route: [0, 10, 8, 12, 5, 11, 6, 13, 7, 1, 2, 4, 3, 9, 0]
Distance: 4907

Ant 4 route: [0, 8, 10, 7, 12, 6, 11, 5, 13, 1, 3, 2, 9, 4, 0]
Distance: 5590

Ant 5 route: [0, 12, 6, 11, 5, 13, 1, 8, 10, 7, 9, 2, 3, 4, 0]
Distance: 4782

Ant 6 route: [0, 7, 8, 10, 6, 2, 3, 5, 11, 13, 12, 1, 4, 9, 0]
Distance: 5231

Ant 7 route: [0, 7, 13, 6, 2, 12, 10, 8, 9, 1, 5, 11, 4, 3, 0]
Distance: 4894



ITERATION: 4

Ant 0 route: [0, 7, 10, 8, 9, 2, 11, 5, 3, 13, 12, 6, 1, 4, 0]
Distance: 5211

Ant 1 route: [0, 7, 8, 10, 1, 6, 12, 13, 4, 2, 11, 5, 3, 9, 0]
Distance: 4935

Ant 2 route: [0, 10, 8, 12, 6, 5, 11, 2, 9, 7, 1, 13, 4, 3, 0]
Distance: 4935

Ant 3 route: [0, 7, 13, 11, 5, 12, 8, 10, 6, 1, 3, 4, 2, 9, 0]
Distance: 5447

Ant 4 route: [0, 7, 12, 2, 1, 6, 5, 11, 4, 10, 8, 9, 13, 3, 0]
Distance: 5375

Ant 5 route: [0, 7, 10, 8, 9, 1, 2, 13, 11, 5, 12, 6, 3, 4, 0]
Distance: 4149

Ant 6 route: [0, 8, 9, 7, 1, 10, 6, 12, 2, 3, 5, 11, 13, 4, 0]
Distance: 4763

Ant 7 route: [0, 7, 1, 8, 5, 11, 12, 13, 2, 4, 3, 9, 10, 6, 0]
Distance: 5481



ITERATION: 5

Ant 0 route: [0, 10, 8, 12, 11, 5, 6, 4, 3, 13, 7, 1, 2, 9, 0]
Distance: 4561

Ant 1 route: [0, 1, 7, 5, 11, 2, 12, 6, 13, 3, 4, 10, 8, 9, 0]
Distance: 4515

Ant 2 route: [0, 7, 8, 10, 1, 13, 3, 2, 5, 11, 6, 12, 4, 9, 0]
Distance: 4516

Ant 3 route: [0, 11, 5, 1, 7, 10, 8, 13, 9, 2, 12, 6, 3, 4, 0]
Distance: 6142

Ant 4 route: [0, 8, 4, 6, 2, 13, 7, 10, 9, 12, 5, 11, 3, 1, 0]
Distance: 5130

Ant 5 route: [0, 1, 2, 13, 7, 8, 10, 9, 3, 6, 11, 5, 12, 4, 0]
Distance: 5203

Ant 6 route: [0, 12, 5, 11, 2, 13, 6, 7, 8, 10, 1, 9, 3, 4, 0]
Distance: 5364

Ant 7 route: [0, 7, 11, 5, 6, 1, 12, 10, 8, 9, 3, 2, 13, 4, 0]
Distance: 5495



ITERATION: 6

Ant 0 route: [0, 7, 8, 10, 12, 6, 11, 5, 13, 4, 1, 2, 3, 9, 0]
Distance: 4913

Ant 1 route: [0, 10, 8, 13, 6, 5, 11, 3, 4, 12, 7, 1, 9, 2, 0]
Distance: 4841

Ant 2 route: [0, 8, 10, 11, 5, 6, 12, 7, 1, 2, 3, 13, 9, 4, 0]
Distance: 5575

Ant 3 route: [0, 1, 7, 9, 8, 10, 2, 13, 11, 5, 3, 12, 6, 4, 0]
Distance: 4512

Ant 4 route: [0, 1, 9, 8, 10, 7, 5, 11, 3, 2, 13, 12, 6, 4, 0]
Distance: 4235

Ant 5 route: [0, 10, 4, 9, 8, 1, 2, 3, 11, 5, 6, 13, 7, 12, 0]
Distance: 5311

Ant 6 route: [0, 1, 7, 8, 10, 11, 5, 3, 13, 4, 6, 12, 9, 2, 0]
Distance: 5020

Ant 7 route: [0, 6, 11, 5, 13, 2, 12, 10, 8, 7, 1, 4, 3, 9, 0]
Distance: 5181



ITERATION: 7

Ant 0 route: [0, 7, 8, 10, 13, 2, 12, 6, 11, 5, 4, 1, 9, 3, 0]
Distance: 5355

Ant 1 route: [0, 7, 6, 12, 5, 11, 2, 3, 13, 1, 8, 10, 9, 4, 0]
Distance: 5134

Ant 2 route: [0, 12, 4, 11, 5, 6, 10, 8, 9, 7, 1, 13, 3, 2, 0]
Distance: 4428

Ant 3 route: [0, 1, 5, 11, 6, 4, 9, 8, 10, 7, 3, 13, 12, 2, 0]
Distance: 5346

Ant 4 route: [0, 7, 11, 5, 6, 9, 1, 10, 8, 12, 13, 2, 3, 4, 0]
Distance: 4916

Ant 5 route: [0, 10, 8, 7, 4, 6, 11, 5, 12, 1, 2, 13, 9, 3, 0]
Distance: 5823

Ant 6 route: [0, 12, 6, 3, 7, 8, 10, 13, 2, 1, 5, 11, 4, 9, 0]
Distance: 5502

Ant 7 route: [0, 7, 12, 6, 11, 5, 3, 2, 10, 8, 1, 13, 9, 4, 0]
Distance: 5539



ITERATION: 8

Ant 0 route: [0, 7, 8, 10, 1, 13, 2, 11, 5, 6, 12, 4, 9, 3, 0]
Distance: 5521

Ant 1 route: [0, 7, 10, 8, 1, 12, 6, 13, 11, 5, 3, 2, 9, 4, 0]
Distance: 5231

Ant 2 route: [0, 1, 7, 8, 10, 12, 11, 5, 6, 13, 3, 2, 9, 4, 0]
Distance: 5262

Ant 3 route: [0, 7, 10, 8, 13, 12, 4, 9, 11, 5, 6, 1, 2, 3, 0]
Distance: 5896

Ant 4 route: [0, 7, 1, 9, 10, 8, 12, 13, 2, 3, 11, 5, 6, 4, 0]
Distance: 4138

Ant 5 route: [0, 7, 10, 8, 9, 1, 5, 11, 12, 6, 3, 2, 13, 4, 0]
Distance: 4529

Ant 6 route: [0, 7, 10, 8, 1, 6, 12, 11, 5, 3, 13, 2, 9, 4, 0]
Distance: 5375

Ant 7 route: [0, 10, 8, 12, 11, 5, 6, 3, 13, 2, 9, 1, 7, 4, 0]
Distance: 5375



ITERATION: 9

Ant 0 route: [0, 7, 10, 8, 12, 5, 11, 2, 3, 13, 6, 4, 9, 1, 0]
Distance: 4519

Ant 1 route: [0, 7, 10, 8, 1, 9, 2, 13, 3, 5, 11, 6, 12, 4, 0]
Distance: 4609

Ant 2 route: [0, 7, 10, 8, 9, 12, 5, 11, 6, 3, 13, 4, 1, 2, 0]
Distance: 4906

Ant 3 route: [0, 7, 12, 6, 2, 13, 11, 5, 4, 10, 8, 3, 9, 1, 0]
Distance: 5251

Ant 4 route: [0, 7, 10, 8, 1, 6, 11, 5, 13, 2, 3, 4, 9, 12, 0]
Distance: 4712

Ant 5 route: [0, 7, 6, 11, 5, 13, 2, 1, 3, 10, 8, 12, 9, 4, 0]
Distance: 6206

Ant 6 route: [0, 7, 10, 8, 5, 11, 6, 12, 1, 13, 3, 4, 2, 9, 0]
Distance: 4776

Ant 7 route: [0, 7, 12, 6, 5, 11, 3, 4, 8, 10, 13, 1, 9, 2, 0]
Distance: 5146



ITERATION: 10

Ant 0 route: [0, 7, 10, 8, 9, 11, 5, 3, 13, 12, 6, 4, 1, 2, 0]
Distance: 4828

Ant 1 route: [0, 7, 1, 8, 10, 3, 4, 2, 11, 5, 6, 12, 9, 13, 0]
Distance: 5101

Ant 2 route: [0, 7, 10, 8, 9, 1, 4, 12, 2, 3, 13, 11, 5, 6, 0]
Distance: 4550

Ant 3 route: [0, 7, 10, 8, 11, 5, 6, 12, 1, 9, 2, 3, 13, 4, 0]
Distance: 5157

Ant 4 route: [0, 1, 2, 5, 11, 13, 3, 7, 12, 6, 4, 8, 10, 9, 0]
Distance: 4813

Ant 5 route: [0, 7, 10, 8, 1, 13, 12, 5, 11, 6, 3, 2, 9, 4, 0]
Distance: 5452

Ant 6 route: [0, 7, 10, 8, 12, 1, 13, 6, 11, 5, 3, 2, 4, 9, 0]
Distance: 4742

Ant 7 route: [0, 7, 8, 10, 12, 6, 13, 4, 11, 5, 1, 2, 3, 9, 0]
Distance: 4762



ITERATION: 11

Ant 0 route: [0, 7, 10, 8, 1, 2, 11, 5, 6, 12, 13, 3, 9, 4, 0]
Distance: 5518

Ant 1 route: [0, 7, 10, 8, 12, 6, 13, 3, 5, 11, 4, 2, 9, 1, 0]
Distance: 4228

Ant 2 route: [0, 7, 8, 10, 1, 13, 12, 11, 5, 6, 3, 2, 9, 4, 0]
Distance: 5468

Ant 3 route: [0, 7, 5, 11, 12, 10, 8, 9, 4, 3, 13, 2, 1, 6, 0]
Distance: 5177

Ant 4 route: [0, 7, 10, 8, 5, 11, 6, 4, 9, 1, 12, 13, 2, 3, 0]
Distance: 5186

Ant 5 route: [0, 7, 10, 8, 1, 5, 11, 6, 12, 13, 2, 9, 3, 4, 0]
Distance: 5326

Ant 6 route: [0, 7, 10, 8, 12, 6, 5, 11, 13, 4, 2, 3, 1, 9, 0]
Distance: 4320

Ant 7 route: [0, 7, 10, 8, 12, 13, 11, 5, 3, 2, 9, 1, 4, 6, 0]
Distance: 4970



ITERATION: 12

Ant 0 route: [0, 7, 10, 8, 11, 5, 6, 12, 13, 3, 2, 1, 9, 4, 0]
Distance: 5154

Ant 1 route: [0, 7, 10, 8, 9, 3, 13, 2, 11, 5, 6, 12, 1, 4, 0]
Distance: 5178

Ant 2 route: [0, 7, 10, 8, 9, 6, 12, 3, 13, 2, 5, 11, 4, 1, 0]
Distance: 4400

Ant 3 route: [0, 7, 8, 12, 6, 2, 13, 4, 1, 11, 5, 3, 9, 10, 0]
Distance: 5397

Ant 4 route: [0, 7, 10, 8, 12, 11, 5, 6, 13, 1, 2, 3, 9, 4, 0]
Distance: 5682

Ant 5 route: [0, 7, 10, 8, 1, 12, 13, 2, 3, 5, 11, 6, 4, 9, 0]
Distance: 4315

Ant 6 route: [0, 7, 2, 9, 8, 10, 4, 6, 13, 12, 11, 5, 1, 3, 0]
Distance: 5962

Ant 7 route: [0, 8, 10, 1, 2, 3, 5, 11, 9, 6, 12, 13, 7, 4, 0]
Distance: 5757



ITERATION: 13

Ant 0 route: [0, 7, 10, 8, 1, 2, 3, 11, 5, 6, 13, 12, 9, 4, 0]
Distance: 5053

Ant 1 route: [0, 7, 10, 8, 9, 1, 4, 5, 11, 6, 12, 13, 2, 3, 0]
Distance: 4157

Ant 2 route: [0, 7, 8, 10, 12, 6, 5, 11, 4, 13, 2, 3, 9, 1, 0]
Distance: 4149

Ant 3 route: [0, 7, 10, 8, 1, 11, 5, 6, 12, 13, 3, 9, 4, 2, 0]
Distance: 5591

Ant 4 route: [0, 7, 10, 8, 1, 2, 13, 11, 5, 6, 12, 3, 4, 9, 0]
Distance: 4345

Ant 5 route: [0, 7, 10, 8, 9, 6, 3, 5, 11, 13, 1, 2, 12, 4, 0]
Distance: 5048

Ant 6 route: [0, 7, 10, 8, 1, 13, 2, 11, 5, 6, 4, 12, 9, 3, 0]
Distance: 5263

Ant 7 route: [0, 7, 10, 8, 1, 3, 2, 11, 5, 6, 12, 13, 4, 9, 0]
Distance: 4711



ITERATION: 14

Ant 0 route: [0, 7, 10, 8, 9, 1, 2, 11, 5, 6, 12, 13, 3, 4, 0]
Distance: 4122

Ant 1 route: [0, 7, 10, 8, 1, 2, 3, 5, 11, 6, 12, 13, 4, 9, 0]
Distance: 4355

Ant 2 route: [0, 7, 10, 8, 12, 6, 13, 3, 5, 11, 4, 9, 1, 2, 0]
Distance: 4644

Ant 3 route: [0, 7, 1, 2, 6, 12, 13, 4, 5, 11, 9, 8, 10, 3, 0]
Distance: 5243

Ant 4 route: [0, 7, 10, 8, 9, 4, 12, 13, 2, 11, 5, 6, 3, 1, 0]
Distance: 4664

Ant 5 route: [0, 7, 10, 8, 9, 1, 13, 2, 3, 6, 12, 11, 5, 4, 0]
Distance: 4071

Ant 6 route: [0, 7, 10, 8, 13, 4, 3, 5, 11, 12, 1, 9, 6, 2, 0]
Distance: 5030

Ant 7 route: [0, 7, 8, 10, 1, 2, 3, 5, 11, 13, 4, 12, 6, 9, 0]
Distance: 4317



ITERATION: 15

Ant 0 route: [0, 7, 10, 8, 9, 1, 13, 2, 11, 5, 6, 12, 3, 4, 0]
Distance: 4229

Ant 1 route: [0, 7, 10, 8, 1, 12, 6, 13, 2, 3, 11, 5, 4, 9, 0]
Distance: 4141

Ant 2 route: [0, 7, 10, 8, 1, 13, 2, 3, 5, 11, 6, 12, 4, 9, 0]
Distance: 4272

Ant 3 route: [0, 7, 10, 8, 9, 1, 2, 3, 5, 11, 6, 12, 13, 4, 0]
Distance: 4132

Ant 4 route: [0, 7, 10, 8, 1, 2, 3, 5, 11, 6, 12, 13, 4, 9, 0]
Distance: 4355

Ant 5 route: [0, 7, 10, 8, 13, 11, 5, 6, 12, 9, 1, 2, 3, 4, 0]
Distance: 4556

Ant 6 route: [0, 7, 10, 8, 4, 11, 5, 6, 12, 13, 2, 3, 1, 9, 0]
Distance: 4227

Ant 7 route: [0, 7, 10, 8, 9, 1, 2, 3, 5, 11, 13, 12, 6, 4, 0]
Distance: 4068



ITERATION: 16

Ant 0 route: [0, 7, 10, 8, 9, 1, 2, 3, 5, 11, 6, 12, 13, 4, 0]
Distance: 4132

Ant 1 route: [0, 7, 10, 8, 9, 1, 13, 2, 6, 12, 3, 5, 11, 4, 0]
Distance: 4316

Ant 2 route: [0, 7, 10, 8, 9, 1, 2, 3, 5, 11, 12, 6, 13, 4, 0]
Distance: 4229

Ant 3 route: [0, 7, 10, 8, 13, 11, 5, 6, 12, 4, 9, 1, 2, 3, 0]
Distance: 5068

Ant 4 route: [0, 7, 10, 8, 1, 2, 11, 5, 6, 12, 3, 4, 9, 13, 0]
Distance: 5074

Ant 5 route: [0, 7, 10, 8, 1, 2, 3, 11, 5, 6, 12, 9, 4, 13, 0]
Distance: 4766

Ant 6 route: [0, 7, 10, 8, 1, 2, 3, 5, 11, 6, 12, 13, 4, 9, 0]
Distance: 4355

Ant 7 route: [0, 7, 10, 8, 11, 5, 6, 12, 13, 2, 3, 4, 9, 1, 0]
Distance: 4311



ITERATION: 17

Ant 0 route: [0, 7, 10, 8, 9, 1, 13, 2, 3, 5, 11, 6, 12, 4, 0]
Distance: 4049

Ant 1 route: [0, 7, 10, 8, 1, 2, 3, 5, 11, 6, 12, 13, 4, 9, 0]
Distance: 4355

Ant 2 route: [0, 7, 10, 8, 12, 5, 11, 6, 13, 2, 3, 4, 9, 1, 0]
Distance: 4186

Ant 3 route: [0, 7, 10, 8, 12, 6, 13, 2, 3, 5, 11, 4, 9, 1, 0]
Distance: 4055

Ant 4 route: [0, 7, 10, 8, 9, 1, 2, 13, 12, 6, 5, 11, 4, 3, 0]
Distance: 3807

Ant 5 route: [0, 7, 10, 8, 9, 1, 2, 3, 5, 11, 12, 6, 13, 4, 0]
Distance: 4229

Ant 6 route: [0, 7, 10, 8, 9, 1, 2, 3, 5, 6, 12, 13, 11, 4, 0]
Distance: 4121

Ant 7 route: [0, 7, 10, 8, 1, 2, 3, 13, 11, 5, 6, 12, 9, 4, 0]
Distance: 4970



ITERATION: 18

Ant 0 route: [0, 7, 10, 8, 9, 1, 13, 11, 5, 6, 12, 3, 4, 2, 0]
Distance: 4153

Ant 1 route: [0, 7, 10, 8, 9, 1, 2, 11, 5, 6, 12, 13, 4, 3, 0]
Distance: 4188

Ant 2 route: [0, 7, 10, 8, 1, 2, 3, 5, 11, 12, 6, 13, 4, 9, 0]
Distance: 4452

Ant 3 route: [0, 7, 10, 8, 1, 2, 3, 5, 11, 4, 9, 6, 12, 13, 0]
Distance: 4757

Ant 4 route: [0, 7, 10, 8, 1, 12, 13, 2, 3, 5, 11, 6, 4, 9, 0]
Distance: 4315

Ant 5 route: [0, 7, 10, 8, 1, 2, 3, 5, 11, 4, 13, 12, 6, 9, 0]
Distance: 4106

Ant 6 route: [0, 7, 10, 8, 1, 2, 3, 5, 11, 6, 12, 13, 4, 9, 0]
Distance: 4355

Ant 7 route: [0, 7, 10, 8, 9, 1, 13, 2, 3, 5, 11, 6, 12, 4, 0]
Distance: 4049



ITERATION: 19

Ant 0 route: [0, 7, 10, 8, 9, 1, 13, 11, 5, 6, 12, 3, 2, 4, 0]
Distance: 4407

Ant 1 route: [0, 7, 10, 8, 9, 1, 13, 2, 3, 5, 11, 6, 12, 4, 0]
Distance: 4049

Ant 2 route: [0, 7, 10, 8, 1, 13, 2, 3, 5, 11, 6, 12, 4, 9, 0]
Distance: 4272

Ant 3 route: [0, 7, 10, 8, 9, 1, 2, 11, 5, 6, 13, 12, 3, 4, 0]
Distance: 4419

Ant 4 route: [0, 7, 10, 8, 9, 1, 2, 3, 5, 11, 6, 12, 13, 4, 0]
Distance: 4132

Ant 5 route: [0, 7, 10, 8, 9, 1, 2, 3, 5, 11, 6, 12, 13, 4, 0]
Distance: 4132

Ant 6 route: [0, 7, 10, 8, 9, 1, 2, 3, 5, 11, 6, 12, 4, 13, 0]
Distance: 3952

Ant 7 route: [0, 7, 10, 8, 1, 13, 2, 3, 5, 11, 6, 12, 9, 4, 0]
Distance: 4864



ITERATION: 20

Ant 0 route: [0, 7, 10, 8, 9, 1, 2, 3, 5, 11, 6, 12, 13, 4, 0]
Distance: 4132

Ant 1 route: [0, 7, 10, 8, 1, 2, 3, 5, 11, 6, 12, 13, 4, 9, 0]
Distance: 4355

Ant 2 route: [0, 7, 10, 8, 1, 2, 3, 5, 11, 6, 12, 13, 4, 9, 0]
Distance: 4355

Ant 3 route: [0, 7, 10, 8, 9, 1, 2, 3, 5, 11, 6, 12, 13, 4, 0]
Distance: 4132

Ant 4 route: [0, 7, 10, 8, 9, 1, 2, 3, 5, 11, 6, 12, 13, 4, 0]
Distance: 4132

Ant 5 route: [0, 7, 10, 8, 1, 2, 3, 5, 11, 6, 12, 4, 9, 13, 0]
Distance: 4894

Ant 6 route: [0, 7, 10, 8, 9, 1, 2, 11, 5, 13, 4, 3, 6, 12, 0]
Distance: 4058

Ant 7 route: [0, 7, 10, 8, 9, 1, 2, 3, 5, 11, 6, 12, 13, 4, 0]
Distance: 4132



ITERATION: 21

Ant 0 route: [0, 7, 10, 8, 1, 2, 3, 5, 11, 6, 12, 4, 13, 9, 0]
Distance: 4243

Ant 1 route: [0, 7, 10, 8, 9, 13, 2, 3, 5, 11, 6, 12, 4, 1, 0]
Distance: 4139

Ant 2 route: [0, 7, 10, 8, 1, 2, 3, 5, 11, 6, 12, 4, 9, 13, 0]
Distance: 4894

Ant 3 route: [0, 7, 10, 8, 9, 1, 13, 12, 4, 3, 5, 11, 6, 2, 0]
Distance: 4144

Ant 4 route: [0, 7, 10, 8, 9, 1, 13, 11, 5, 6, 12, 4, 3, 2, 0]
Distance: 3834

Ant 5 route: [0, 7, 10, 8, 1, 2, 3, 5, 11, 6, 13, 4, 9, 12, 0]
Distance: 4819

Ant 6 route: [0, 7, 10, 8, 9, 13, 2, 3, 5, 11, 6, 12, 4, 1, 0]
Distance: 4139

Ant 7 route: [0, 7, 10, 8, 9, 1, 13, 11, 5, 6, 12, 4, 3, 2, 0]
Distance: 3834



ITERATION: 22

Ant 0 route: [0, 7, 10, 8, 9, 1, 2, 3, 5, 11, 6, 12, 13, 4, 0]
Distance: 4132

Ant 1 route: [0, 7, 10, 8, 1, 2, 3, 5, 11, 6, 12, 4, 9, 13, 0]
Distance: 4894

Ant 2 route: [0, 7, 10, 8, 9, 13, 2, 11, 5, 6, 12, 4, 3, 1, 0]
Distance: 4122

Ant 3 route: [0, 7, 10, 8, 1, 13, 11, 5, 6, 12, 4, 3, 2, 9, 0]
Distance: 4132

Ant 4 route: [0, 7, 10, 8, 1, 13, 11, 5, 6, 12, 4, 3, 2, 9, 0]
Distance: 4132

Ant 5 route: [0, 7, 10, 8, 9, 1, 2, 11, 5, 6, 12, 13, 4, 3, 0]
Distance: 4188

Ant 6 route: [0, 7, 10, 8, 1, 13, 11, 5, 6, 12, 4, 3, 2, 9, 0]
Distance: 4132

Ant 7 route: [0, 7, 10, 8, 9, 13, 2, 11, 5, 6, 12, 3, 4, 1, 0]
Distance: 4319



ITERATION: 23

Ant 0 route: [0, 7, 10, 8, 1, 13, 2, 11, 5, 6, 12, 3, 4, 9, 0]
Distance: 4452

Ant 1 route: [0, 7, 10, 8, 9, 13, 11, 5, 6, 12, 4, 3, 2, 1, 0]
Distance: 3805

Ant 2 route: [0, 7, 10, 8, 1, 13, 2, 3, 5, 11, 6, 12, 4, 9, 0]
Distance: 4272

Ant 3 route: [0, 7, 10, 8, 1, 13, 11, 5, 6, 12, 9, 4, 3, 2, 0]
Distance: 4649

Ant 4 route: [0, 7, 10, 8, 1, 2, 3, 4, 9, 12, 13, 11, 6, 5, 0]
Distance: 5033

Ant 5 route: [0, 7, 10, 8, 9, 4, 3, 2, 11, 5, 6, 12, 13, 1, 0]
Distance: 4024

Ant 6 route: [0, 7, 10, 8, 9, 1, 2, 3, 5, 11, 6, 12, 13, 4, 0]
Distance: 4132

Ant 7 route: [0, 7, 10, 8, 9, 1, 13, 4, 3, 2, 11, 5, 6, 12, 0]
Distance: 3820



ITERATION: 24

Ant 0 route: [0, 7, 10, 8, 9, 13, 2, 11, 5, 6, 12, 4, 3, 1, 0]
Distance: 4122

Ant 1 route: [0, 7, 10, 8, 9, 1, 13, 11, 5, 6, 12, 4, 3, 2, 0]
Distance: 3834

Ant 2 route: [0, 7, 10, 8, 9, 1, 2, 11, 5, 6, 12, 13, 4, 3, 0]
Distance: 4188

Ant 3 route: [0, 7, 10, 8, 1, 2, 3, 5, 11, 6, 12, 13, 4, 9, 0]
Distance: 4355

Ant 4 route: [0, 7, 10, 8, 9, 1, 2, 3, 5, 11, 6, 12, 4, 13, 0]
Distance: 3952

Ant 5 route: [0, 7, 10, 8, 1, 13, 2, 3, 4, 9, 12, 6, 5, 11, 0]
Distance: 4696

Ant 6 route: [0, 7, 10, 8, 9, 1, 2, 3, 5, 11, 6, 12, 13, 4, 0]
Distance: 4132

Ant 7 route: [0, 7, 10, 8, 9, 4, 3, 5, 11, 6, 12, 13, 2, 1, 0]
Distance: 3878



ITERATION: 25

Ant 0 route: [0, 7, 10, 8, 9, 4, 3, 5, 11, 6, 12, 13, 2, 1, 0]
Distance: 3878

Ant 1 route: [0, 7, 10, 8, 1, 13, 2, 3, 5, 11, 6, 12, 4, 9, 0]
Distance: 4272

Ant 2 route: [0, 7, 10, 8, 9, 1, 2, 11, 5, 6, 12, 13, 4, 3, 0]
Distance: 4188

Ant 3 route: [0, 7, 10, 8, 9, 1, 13, 2, 3, 5, 11, 6, 12, 4, 0]
Distance: 4049

Ant 4 route: [0, 7, 10, 8, 9, 1, 13, 2, 11, 5, 6, 12, 4, 3, 0]
Distance: 4105

Ant 5 route: [0, 7, 10, 8, 9, 1, 13, 11, 5, 6, 12, 3, 2, 4, 0]
Distance: 4407

Ant 6 route: [0, 7, 10, 8, 1, 13, 11, 5, 6, 12, 4, 9, 3, 2, 0]
Distance: 5230

Ant 7 route: [0, 7, 10, 8, 9, 1, 13, 11, 5, 6, 12, 4, 3, 2, 0]
Distance: 3834



ITERATION: 26

Ant 0 route: [0, 7, 10, 8, 9, 1, 13, 2, 3, 5, 11, 6, 12, 4, 0]
Distance: 4049

Ant 1 route: [0, 7, 10, 8, 9, 1, 13, 11, 5, 6, 12, 4, 3, 2, 0]
Distance: 3834

Ant 2 route: [0, 7, 10, 8, 1, 13, 2, 3, 5, 11, 6, 12, 4, 9, 0]
Distance: 4272

Ant 3 route: [0, 7, 10, 8, 1, 13, 11, 5, 6, 12, 4, 3, 2, 9, 0]
Distance: 4132

Ant 4 route: [0, 7, 10, 8, 1, 13, 2, 4, 3, 5, 11, 6, 12, 9, 0]
Distance: 3955

Ant 5 route: [0, 7, 10, 8, 9, 1, 13, 2, 11, 5, 6, 12, 3, 4, 0]
Distance: 4229

Ant 6 route: [0, 7, 10, 8, 9, 1, 13, 11, 5, 6, 12, 4, 3, 2, 0]
Distance: 3834

Ant 7 route: [0, 7, 10, 8, 1, 13, 2, 11, 5, 6, 12, 4, 9, 3, 0]
Distance: 5501



ITERATION: 27

Ant 0 route: [0, 7, 10, 8, 9, 1, 13, 2, 3, 5, 11, 6, 12, 4, 0]
Distance: 4049

Ant 1 route: [0, 7, 10, 8, 9, 1, 13, 2, 3, 5, 11, 6, 12, 4, 0]
Distance: 4049

Ant 2 route: [0, 7, 10, 8, 1, 2, 3, 4, 9, 13, 11, 5, 6, 12, 0]
Distance: 4655

Ant 3 route: [0, 7, 10, 8, 9, 1, 13, 11, 5, 6, 12, 4, 3, 2, 0]
Distance: 3834

Ant 4 route: [0, 7, 10, 8, 9, 1, 13, 2, 3, 5, 11, 6, 12, 4, 0]
Distance: 4049

Ant 5 route: [0, 7, 10, 8, 1, 13, 2, 11, 5, 6, 12, 4, 3, 9, 0]
Distance: 4397

Ant 6 route: [0, 7, 10, 8, 9, 1, 13, 2, 3, 5, 11, 6, 12, 4, 0]
Distance: 4049

Ant 7 route: [0, 7, 10, 8, 1, 2, 3, 5, 11, 6, 12, 4, 9, 13, 0]
Distance: 4894



ITERATION: 28

Ant 0 route: [0, 7, 10, 8, 9, 1, 13, 2, 3, 5, 11, 6, 12, 4, 0]
Distance: 4049

Ant 1 route: [0, 7, 10, 8, 1, 13, 2, 11, 5, 6, 12, 3, 4, 9, 0]
Distance: 4452

Ant 2 route: [0, 7, 10, 8, 1, 13, 11, 5, 6, 12, 4, 3, 2, 9, 0]
Distance: 4132

Ant 3 route: [0, 7, 10, 8, 9, 1, 13, 11, 5, 6, 12, 4, 3, 2, 0]
Distance: 3834

Ant 4 route: [0, 7, 10, 8, 9, 1, 13, 11, 5, 6, 12, 4, 3, 2, 0]
Distance: 3834

Ant 5 route: [0, 7, 10, 8, 9, 1, 13, 2, 3, 5, 11, 6, 12, 4, 0]
Distance: 4049

Ant 6 route: [0, 7, 10, 8, 9, 1, 13, 2, 3, 5, 11, 6, 12, 4, 0]
Distance: 4049

Ant 7 route: [0, 7, 10, 8, 9, 1, 13, 2, 11, 5, 6, 12, 4, 3, 0]
Distance: 4105



ITERATION: 29

Ant 0 route: [0, 7, 10, 8, 9, 1, 13, 2, 3, 5, 11, 6, 12, 4, 0]
Distance: 4049

Ant 1 route: [0, 7, 10, 8, 9, 1, 13, 11, 5, 6, 12, 4, 3, 2, 0]
Distance: 3834

Ant 2 route: [0, 7, 10, 8, 9, 1, 13, 11, 5, 6, 12, 4, 3, 2, 0]
Distance: 3834

Ant 3 route: [0, 7, 10, 8, 9, 1, 13, 2, 3, 5, 11, 6, 12, 4, 0]
Distance: 4049

Ant 4 route: [0, 7, 10, 8, 9, 1, 13, 2, 11, 5, 6, 12, 4, 3, 0]
Distance: 4105

Ant 5 route: [0, 7, 10, 8, 9, 1, 13, 2, 3, 5, 11, 6, 12, 4, 0]
Distance: 4049

Ant 6 route: [0, 7, 10, 8, 9, 1, 2, 3, 5, 11, 6, 12, 13, 4, 0]
Distance: 4132

Ant 7 route: [0, 7, 10, 8, 9, 1, 13, 11, 5, 6, 12, 4, 3, 2, 0]
Distance: 3834



ITERATION: 30

Ant 0 route: [0, 7, 10, 8, 9, 1, 13, 11, 5, 6, 12, 4, 3, 2, 0]
Distance: 3834

Ant 1 route: [0, 7, 10, 8, 9, 1, 13, 2, 3, 5, 11, 6, 12, 4, 0]
Distance: 4049

Ant 2 route: [0, 7, 10, 8, 9, 1, 13, 11, 5, 6, 12, 4, 3, 2, 0]
Distance: 3834

Ant 3 route: [0, 7, 10, 8, 9, 1, 13, 2, 3, 5, 11, 6, 12, 4, 0]
Distance: 4049

Ant 4 route: [0, 7, 10, 8, 9, 1, 13, 2, 3, 5, 11, 6, 12, 4, 0]
Distance: 4049

Ant 5 route: [0, 7, 10, 8, 9, 1, 13, 11, 5, 6, 12, 4, 3, 2, 0]
Distance: 3834

Ant 6 route: [0, 7, 10, 8, 9, 1, 13, 11, 5, 6, 12, 4, 3, 2, 0]
Distance: 3834

Ant 7 route: [0, 7, 10, 8, 9, 1, 13, 2, 3, 5, 11, 6, 12, 4, 0]
Distance: 4049



ITERATION: 31

Ant 0 route: [0, 7, 10, 8, 9, 1, 13, 11, 5, 6, 12, 4, 3, 2, 0]
Distance: 3834

Ant 1 route: [0, 7, 10, 8, 1, 13, 2, 3, 5, 11, 6, 12, 4, 9, 0]
Distance: 4272

Ant 2 route: [0, 7, 10, 8, 9, 1, 13, 11, 5, 6, 12, 4, 3, 2, 0]
Distance: 3834

Ant 3 route: [0, 7, 10, 8, 9, 1, 13, 11, 5, 6, 12, 4, 3, 2, 0]
Distance: 3834

Ant 4 route: [0, 7, 10, 8, 9, 1, 13, 11, 5, 6, 12, 4, 3, 2, 0]
Distance: 3834

Ant 5 route: [0, 7, 10, 8, 1, 13, 2, 3, 5, 11, 6, 12, 4, 9, 0]
Distance: 4272

Ant 6 route: [0, 7, 10, 8, 9, 1, 13, 2, 3, 5, 11, 6, 12, 4, 0]
Distance: 4049

Ant 7 route: [0, 7, 10, 8, 9, 1, 13, 11, 5, 6, 12, 4, 3, 2, 0]
Distance: 3834



ITERATION: 32

Ant 0 route: [0, 7, 10, 8, 9, 1, 13, 2, 3, 5, 11, 6, 12, 4, 0]
Distance: 4049

Ant 1 route: [0, 7, 10, 8, 9, 1, 13, 2, 3, 5, 11, 6, 12, 4, 0]
Distance: 4049

Ant 2 route: [0, 7, 10, 8, 1, 13, 11, 5, 6, 12, 4, 3, 2, 9, 0]
Distance: 4132

Ant 3 route: [0, 7, 10, 8, 1, 13, 11, 5, 6, 12, 4, 3, 2, 9, 0]
Distance: 4132

Ant 4 route: [0, 7, 10, 8, 9, 1, 13, 2, 3, 5, 11, 6, 12, 4, 0]
Distance: 4049

Ant 5 route: [0, 7, 10, 8, 9, 1, 13, 11, 5, 6, 12, 4, 3, 2, 0]
Distance: 3834

Ant 6 route: [0, 7, 10, 8, 9, 1, 13, 11, 5, 6, 12, 4, 3, 2, 0]
Distance: 3834

Ant 7 route: [0, 7, 10, 8, 9, 1, 13, 11, 5, 6, 12, 4, 3, 2, 0]
Distance: 3834



ITERATION: 33

Ant 0 route: [0, 7, 10, 8, 9, 1, 13, 2, 3, 5, 11, 6, 12, 4, 0]
Distance: 4049

Ant 1 route: [0, 7, 10, 8, 9, 1, 13, 11, 5, 6, 12, 4, 3, 2, 0]
Distance: 3834

Ant 2 route: [0, 7, 10, 8, 9, 1, 13, 2, 3, 5, 11, 6, 12, 4, 0]
Distance: 4049

Ant 3 route: [0, 7, 10, 8, 9, 1, 13, 11, 5, 6, 12, 4, 3, 2, 0]
Distance: 3834

Ant 4 route: [0, 7, 10, 8, 1, 13, 11, 5, 6, 12, 4, 3, 2, 9, 0]
Distance: 4132

Ant 5 route: [0, 7, 10, 8, 1, 13, 2, 3, 5, 11, 6, 12, 4, 9, 0]
Distance: 4272

Ant 6 route: [0, 7, 10, 8, 9, 1, 13, 2, 3, 5, 11, 6, 12, 4, 0]
Distance: 4049

Ant 7 route: [0, 7, 10, 8, 9, 1, 13, 2, 3, 5, 11, 6, 12, 4, 0]
Distance: 4049



ITERATION: 34

Ant 0 route: [0, 7, 10, 8, 9, 1, 13, 2, 3, 5, 11, 6, 12, 4, 0]
Distance: 4049

Ant 1 route: [0, 7, 10, 8, 9, 1, 13, 2, 3, 5, 11, 6, 12, 4, 0]
Distance: 4049

Ant 2 route: [0, 7, 10, 8, 1, 13, 2, 3, 5, 11, 6, 12, 4, 9, 0]
Distance: 4272

Ant 3 route: [0, 7, 10, 8, 9, 1, 13, 11, 5, 6, 12, 4, 3, 2, 0]
Distance: 3834

Ant 4 route: [0, 7, 10, 8, 9, 1, 13, 11, 5, 6, 12, 4, 3, 2, 0]
Distance: 3834

Ant 5 route: [0, 7, 10, 8, 9, 1, 13, 11, 5, 6, 12, 4, 3, 2, 0]
Distance: 3834

Ant 6 route: [0, 7, 10, 8, 9, 1, 13, 2, 3, 5, 11, 6, 12, 4, 0]
Distance: 4049

Ant 7 route: [0, 7, 10, 8, 9, 1, 13, 11, 5, 6, 12, 4, 3, 2, 0]
Distance: 3834



ITERATION: 35

Ant 0 route: [0, 7, 10, 8, 9, 1, 13, 2, 3, 5, 11, 6, 12, 4, 0]
Distance: 4049

Ant 1 route: [0, 7, 10, 8, 1, 13, 2, 3, 5, 11, 6, 12, 4, 9, 0]
Distance: 4272

Ant 2 route: [0, 7, 10, 8, 9, 1, 13, 11, 5, 6, 12, 4, 3, 2, 0]
Distance: 3834

Ant 3 route: [0, 7, 10, 8, 9, 1, 13, 2, 3, 5, 11, 6, 12, 4, 0]
Distance: 4049

Ant 4 route: [0, 7, 10, 8, 9, 1, 13, 2, 3, 5, 11, 6, 12, 4, 0]
Distance: 4049

Ant 5 route: [0, 7, 10, 8, 9, 1, 13, 11, 5, 6, 12, 4, 3, 2, 0]
Distance: 3834

Ant 6 route: [0, 7, 10, 8, 9, 1, 13, 11, 5, 6, 12, 4, 3, 2, 0]
Distance: 3834

Ant 7 route: [0, 7, 10, 8, 9, 1, 13, 2, 3, 5, 11, 6, 12, 4, 0]
Distance: 4049



ITERATION: 36

Ant 0 route: [0, 7, 10, 8, 9, 1, 13, 2, 3, 5, 11, 6, 12, 4, 0]
Distance: 4049

Ant 1 route: [0, 7, 10, 8, 1, 13, 2, 3, 5, 11, 6, 12, 4, 9, 0]
Distance: 4272

Ant 2 route: [0, 7, 10, 8, 9, 1, 13, 11, 5, 6, 12, 4, 3, 2, 0]
Distance: 3834

Ant 3 route: [0, 7, 10, 8, 9, 1, 13, 2, 3, 5, 11, 6, 12, 4, 0]
Distance: 4049

Ant 4 route: [0, 7, 10, 8, 9, 1, 13, 2, 3, 5, 11, 6, 12, 4, 0]
Distance: 4049

Ant 5 route: [0, 7, 10, 8, 9, 1, 13, 11, 5, 6, 12, 4, 3, 2, 0]
Distance: 3834

Ant 6 route: [0, 7, 10, 8, 9, 1, 13, 11, 5, 6, 12, 4, 3, 2, 0]
Distance: 3834

Ant 7 route: [0, 7, 10, 8, 1, 13, 11, 5, 6, 12, 4, 3, 2, 9, 0]
Distance: 4132



ITERATION: 37

Ant 0 route: [0, 7, 10, 8, 9, 1, 13, 11, 5, 6, 12, 4, 3, 2, 0]
Distance: 3834

Ant 1 route: [0, 7, 10, 8, 9, 1, 13, 2, 3, 5, 11, 6, 12, 4, 0]
Distance: 4049

Ant 2 route: [0, 7, 10, 8, 9, 1, 13, 11, 5, 6, 12, 4, 3, 2, 0]
Distance: 3834

Ant 3 route: [0, 7, 10, 8, 1, 13, 11, 5, 6, 12, 4, 3, 2, 9, 0]
Distance: 4132

Ant 4 route: [0, 7, 10, 8, 9, 1, 13, 2, 3, 5, 11, 6, 12, 4, 0]
Distance: 4049

Ant 5 route: [0, 7, 10, 8, 9, 1, 13, 2, 3, 5, 11, 6, 12, 4, 0]
Distance: 4049

Ant 6 route: [0, 7, 10, 8, 9, 1, 13, 11, 5, 6, 12, 4, 3, 2, 0]
Distance: 3834

Ant 7 route: [0, 7, 10, 8, 9, 1, 13, 2, 3, 5, 11, 6, 12, 4, 0]
Distance: 4049



ITERATION: 38

Ant 0 route: [0, 7, 10, 8, 9, 1, 13, 2, 3, 5, 11, 6, 12, 4, 0]
Distance: 4049

Ant 1 route: [0, 7, 10, 8, 9, 1, 13, 11, 5, 6, 12, 4, 3, 2, 0]
Distance: 3834

Ant 2 route: [0, 7, 10, 8, 1, 13, 2, 3, 5, 11, 6, 12, 4, 9, 0]
Distance: 4272

Ant 3 route: [0, 7, 10, 8, 9, 1, 13, 11, 5, 6, 12, 4, 3, 2, 0]
Distance: 3834

Ant 4 route: [0, 7, 10, 8, 1, 13, 11, 5, 6, 12, 4, 3, 2, 9, 0]
Distance: 4132

Ant 5 route: [0, 7, 10, 8, 9, 1, 13, 2, 3, 5, 11, 6, 12, 4, 0]
Distance: 4049

Ant 6 route: [0, 7, 10, 8, 9, 1, 13, 11, 5, 6, 12, 4, 3, 2, 0]
Distance: 3834

Ant 7 route: [0, 7, 10, 8, 9, 1, 13, 11, 5, 6, 12, 4, 3, 2, 0]
Distance: 3834



ITERATION: 39

Ant 0 route: [0, 7, 10, 8, 9, 1, 13, 2, 3, 5, 11, 6, 12, 4, 0]
Distance: 4049

Ant 1 route: [0, 7, 10, 8, 9, 1, 13, 11, 5, 6, 12, 4, 3, 2, 0]
Distance: 3834

Ant 2 route: [0, 7, 10, 8, 1, 13, 2, 3, 5, 11, 6, 12, 4, 9, 0]
Distance: 4272

Ant 3 route: [0, 7, 10, 8, 9, 1, 13, 11, 5, 6, 12, 4, 3, 2, 0]
Distance: 3834

Ant 4 route: [0, 7, 10, 8, 9, 1, 13, 11, 5, 6, 12, 4, 3, 2, 0]
Distance: 3834

Ant 5 route: [0, 7, 10, 8, 9, 1, 13, 11, 5, 6, 12, 4, 3, 2, 0]
Distance: 3834

Ant 6 route: [0, 7, 10, 8, 1, 13, 11, 5, 6, 12, 4, 3, 2, 9, 0]
Distance: 4132

Ant 7 route: [0, 7, 10, 8, 9, 1, 13, 11, 5, 6, 12, 4, 3, 2, 0]
Distance: 3834



ITERATION: 40

Ant 0 route: [0, 7, 10, 8, 1, 13, 2, 3, 5, 11, 6, 12, 4, 9, 0]
Distance: 4272

Ant 1 route: [0, 7, 10, 8, 1, 13, 2, 3, 5, 11, 6, 12, 4, 9, 0]
Distance: 4272

Ant 2 route: [0, 7, 10, 8, 1, 13, 2, 3, 5, 11, 6, 12, 4, 9, 0]
Distance: 4272

Ant 3 route: [0, 7, 10, 8, 9, 1, 13, 2, 3, 5, 11, 6, 12, 4, 0]
Distance: 4049

Ant 4 route: [0, 7, 10, 8, 9, 1, 13, 11, 5, 6, 12, 4, 3, 2, 0]
Distance: 3834

Ant 5 route: [0, 7, 10, 8, 1, 13, 11, 5, 6, 12, 4, 3, 2, 9, 0]
Distance: 4132

Ant 6 route: [0, 7, 10, 8, 1, 13, 2, 3, 5, 11, 6, 12, 4, 9, 0]
Distance: 4272

Ant 7 route: [0, 7, 10, 8, 9, 1, 13, 11, 5, 6, 12, 4, 3, 2, 0]
Distance: 3834



ITERATION: 41

Ant 0 route: [0, 7, 10, 8, 9, 1, 13, 11, 5, 6, 12, 4, 3, 2, 0]
Distance: 3834

Ant 1 route: [0, 7, 10, 8, 9, 1, 13, 2, 3, 5, 11, 6, 12, 4, 0]
Distance: 4049

Ant 2 route: [0, 7, 10, 8, 9, 1, 13, 2, 3, 5, 11, 6, 12, 4, 0]
Distance: 4049

Ant 3 route: [0, 7, 10, 8, 9, 1, 13, 11, 5, 6, 12, 4, 3, 2, 0]
Distance: 3834

Ant 4 route: [0, 7, 10, 8, 1, 13, 2, 3, 5, 11, 6, 12, 4, 9, 0]
Distance: 4272

Ant 5 route: [0, 7, 10, 8, 9, 1, 13, 11, 5, 6, 12, 4, 3, 2, 0]
Distance: 3834

Ant 6 route: [0, 7, 10, 8, 1, 13, 2, 3, 5, 11, 6, 12, 4, 9, 0]
Distance: 4272

Ant 7 route: [0, 7, 10, 8, 9, 1, 13, 11, 5, 6, 12, 4, 3, 2, 0]
Distance: 3834



ITERATION: 42

Ant 0 route: [0, 7, 10, 8, 9, 1, 13, 2, 3, 5, 11, 6, 12, 4, 0]
Distance: 4049

Ant 1 route: [0, 7, 10, 8, 9, 1, 13, 2, 3, 5, 11, 6, 12, 4, 0]
Distance: 4049

Ant 2 route: [0, 7, 10, 8, 9, 1, 13, 11, 5, 6, 12, 4, 3, 2, 0]
Distance: 3834

Ant 3 route: [0, 7, 10, 8, 9, 1, 13, 11, 5, 6, 12, 4, 3, 2, 0]
Distance: 3834

Ant 4 route: [0, 7, 10, 8, 9, 1, 13, 2, 3, 5, 11, 6, 12, 4, 0]
Distance: 4049

Ant 5 route: [0, 7, 10, 8, 1, 13, 2, 3, 5, 11, 6, 12, 4, 9, 0]
Distance: 4272

Ant 6 route: [0, 7, 10, 8, 9, 1, 13, 2, 3, 5, 11, 6, 12, 4, 0]
Distance: 4049

Ant 7 route: [0, 7, 10, 8, 1, 13, 2, 3, 5, 11, 6, 12, 4, 9, 0]
Distance: 4272



ITERATION: 43

Ant 0 route: [0, 7, 10, 8, 1, 13, 11, 5, 6, 12, 4, 3, 2, 9, 0]
Distance: 4132

Ant 1 route: [0, 7, 10, 8, 9, 1, 13, 11, 5, 6, 12, 4, 3, 2, 0]
Distance: 3834

Ant 2 route: [0, 7, 10, 8, 9, 1, 13, 2, 3, 5, 11, 6, 12, 4, 0]
Distance: 4049

Ant 3 route: [0, 7, 10, 8, 9, 1, 13, 2, 3, 5, 11, 6, 12, 4, 0]
Distance: 4049

Ant 4 route: [0, 7, 10, 8, 9, 1, 13, 11, 5, 6, 12, 4, 3, 2, 0]
Distance: 3834

Ant 5 route: [0, 7, 10, 8, 9, 1, 13, 2, 3, 5, 11, 6, 12, 4, 0]
Distance: 4049

Ant 6 route: [0, 7, 10, 8, 9, 1, 13, 11, 5, 6, 12, 4, 3, 2, 0]
Distance: 3834

Ant 7 route: [0, 7, 10, 8, 9, 1, 13, 2, 3, 5, 11, 6, 12, 4, 0]
Distance: 4049



ITERATION: 44

Ant 0 route: [0, 7, 10, 8, 9, 1, 13, 2, 3, 5, 11, 6, 12, 4, 0]
Distance: 4049

Ant 1 route: [0, 7, 10, 8, 9, 1, 13, 11, 5, 6, 12, 4, 3, 2, 0]
Distance: 3834

Ant 2 route: [0, 7, 10, 8, 9, 1, 13, 2, 3, 5, 11, 6, 12, 4, 0]
Distance: 4049

Ant 3 route: [0, 7, 10, 8, 9, 1, 13, 11, 5, 6, 12, 4, 3, 2, 0]
Distance: 3834

Ant 4 route: [0, 7, 10, 8, 9, 1, 13, 2, 3, 5, 11, 6, 12, 4, 0]
Distance: 4049

Ant 5 route: [0, 7, 10, 8, 9, 1, 13, 2, 3, 5, 11, 6, 12, 4, 0]
Distance: 4049

Ant 6 route: [0, 7, 10, 8, 9, 1, 13, 2, 3, 5, 11, 6, 12, 4, 0]
Distance: 4049

Ant 7 route: [0, 7, 10, 8, 9, 1, 13, 2, 3, 5, 11, 6, 12, 4, 0]
Distance: 4049



ITERATION: 45

Ant 0 route: [0, 7, 10, 8, 9, 1, 13, 11, 5, 6, 12, 4, 3, 2, 0]
Distance: 3834

Ant 1 route: [0, 7, 10, 8, 9, 1, 13, 2, 3, 5, 11, 6, 12, 4, 0]
Distance: 4049

Ant 2 route: [0, 7, 10, 8, 9, 1, 13, 11, 5, 6, 12, 4, 3, 2, 0]
Distance: 3834

Ant 3 route: [0, 7, 10, 8, 9, 1, 13, 2, 3, 5, 11, 6, 12, 4, 0]
Distance: 4049

Ant 4 route: [0, 7, 10, 8, 9, 1, 13, 2, 3, 5, 11, 6, 12, 4, 0]
Distance: 4049

Ant 5 route: [0, 7, 10, 8, 9, 1, 13, 2, 3, 5, 6, 12, 4, 11, 0]
Distance: 4054

Ant 6 route: [0, 7, 10, 8, 9, 1, 13, 2, 3, 5, 11, 6, 12, 4, 0]
Distance: 4049

Ant 7 route: [0, 7, 10, 8, 9, 1, 13, 2, 3, 5, 11, 6, 12, 4, 0]
Distance: 4049



ITERATION: 46

Ant 0 route: [0, 7, 10, 8, 9, 1, 13, 11, 5, 6, 12, 4, 3, 2, 0]
Distance: 3834

Ant 1 route: [0, 7, 10, 8, 9, 1, 13, 2, 3, 5, 11, 6, 12, 4, 0]
Distance: 4049

Ant 2 route: [0, 7, 10, 8, 9, 1, 13, 2, 3, 5, 11, 6, 12, 4, 0]
Distance: 4049

Ant 3 route: [0, 7, 10, 8, 9, 1, 13, 2, 3, 5, 11, 6, 12, 4, 0]
Distance: 4049

Ant 4 route: [0, 7, 10, 8, 9, 1, 13, 11, 5, 6, 12, 4, 3, 2, 0]
Distance: 3834

Ant 5 route: [0, 7, 10, 8, 9, 1, 13, 2, 3, 5, 11, 6, 12, 4, 0]
Distance: 4049

Ant 6 route: [0, 7, 10, 8, 9, 1, 13, 2, 3, 5, 11, 6, 12, 4, 0]
Distance: 4049

Ant 7 route: [0, 7, 10, 8, 9, 1, 13, 2, 3, 5, 11, 6, 12, 4, 0]
Distance: 4049



ITERATION: 47

Ant 0 route: [0, 7, 10, 8, 9, 1, 13, 11, 5, 6, 12, 4, 3, 2, 0]
Distance: 3834

Ant 1 route: [0, 7, 10, 8, 9, 1, 13, 11, 5, 6, 12, 4, 3, 2, 0]
Distance: 3834

Ant 2 route: [0, 7, 10, 8, 9, 1, 13, 2, 3, 5, 11, 6, 12, 4, 0]
Distance: 4049

Ant 3 route: [0, 7, 10, 8, 9, 1, 13, 2, 3, 5, 11, 6, 12, 4, 0]
Distance: 4049

Ant 4 route: [0, 7, 10, 8, 9, 1, 13, 2, 3, 5, 11, 6, 12, 4, 0]
Distance: 4049

Ant 5 route: [0, 7, 10, 8, 9, 1, 13, 2, 3, 5, 11, 6, 12, 4, 0]
Distance: 4049

Ant 6 route: [0, 7, 10, 8, 9, 1, 13, 2, 3, 5, 11, 6, 12, 4, 0]
Distance: 4049

Ant 7 route: [0, 7, 10, 8, 9, 1, 13, 2, 3, 5, 11, 6, 12, 4, 0]
Distance: 4049



ITERATION: 48

Ant 0 route: [0, 7, 10, 8, 9, 1, 13, 2, 3, 5, 11, 6, 12, 4, 0]
Distance: 4049

Ant 1 route: [0, 7, 10, 8, 9, 1, 13, 2, 3, 5, 11, 6, 12, 4, 0]
Distance: 4049

Ant 2 route: [0, 7, 10, 8, 9, 1, 13, 11, 5, 6, 12, 4, 3, 2, 0]
Distance: 3834

Ant 3 route: [0, 7, 10, 8, 9, 1, 13, 11, 5, 6, 12, 4, 3, 2, 0]
Distance: 3834

Ant 4 route: [0, 7, 10, 8, 1, 13, 11, 5, 6, 12, 4, 3, 2, 9, 0]
Distance: 4132

Ant 5 route: [0, 7, 10, 8, 9, 1, 13, 2, 3, 5, 11, 6, 12, 4, 0]
Distance: 4049

Ant 6 route: [0, 7, 10, 8, 9, 1, 13, 2, 3, 5, 11, 6, 12, 4, 0]
Distance: 4049

Ant 7 route: [0, 7, 10, 8, 9, 1, 13, 2, 3, 5, 11, 6, 12, 4, 0]
Distance: 4049



ITERATION: 49

Ant 0 route: [0, 7, 10, 8, 9, 1, 13, 2, 3, 5, 11, 6, 12, 4, 0]
Distance: 4049

Ant 1 route: [0, 7, 10, 8, 9, 1, 13, 2, 3, 5, 11, 6, 12, 4, 0]
Distance: 4049

Ant 2 route: [0, 7, 10, 8, 9, 1, 13, 2, 3, 5, 11, 6, 12, 4, 0]
Distance: 4049

Ant 3 route: [0, 7, 10, 8, 1, 13, 2, 3, 5, 11, 6, 12, 4, 9, 0]
Distance: 4272

Ant 4 route: [0, 7, 10, 8, 9, 1, 13, 2, 3, 5, 11, 6, 12, 4, 0]
Distance: 4049

Ant 5 route: [0, 7, 10, 8, 9, 1, 13, 2, 3, 5, 11, 6, 12, 4, 0]
Distance: 4049

Ant 6 route: [0, 7, 10, 8, 9, 1, 13, 2, 3, 5, 11, 6, 12, 4, 0]
Distance: 4049

Ant 7 route: [0, 7, 10, 8, 9, 1, 13, 2, 3, 5, 11, 6, 12, 4, 0]
Distance: 4049



ITERATION: 50

Ant 0 route: [0, 7, 10, 8, 9, 1, 13, 2, 3, 5, 11, 6, 12, 4, 0]
Distance: 4049

Ant 1 route: [0, 7, 10, 8, 9, 1, 13, 2, 3, 5, 11, 6, 12, 4, 0]
Distance: 4049

Ant 2 route: [0, 7, 10, 8, 9, 1, 13, 11, 5, 6, 12, 4, 3, 2, 0]
Distance: 3834

Ant 3 route: [0, 7, 10, 8, 9, 1, 13, 2, 3, 5, 11, 6, 12, 4, 0]
Distance: 4049

Ant 4 route: [0, 7, 10, 8, 9, 1, 13, 2, 3, 5, 11, 6, 12, 4, 0]
Distance: 4049

Ant 5 route: [0, 7, 10, 8, 9, 1, 13, 2, 3, 5, 11, 6, 12, 4, 0]
Distance: 4049

Ant 6 route: [0, 7, 10, 8, 9, 1, 13, 2, 3, 5, 11, 6, 12, 4, 0]
Distance: 4049

Ant 7 route: [0, 7, 10, 8, 9, 1, 13, 2, 3, 5, 11, 6, 12, 4, 0]
Distance: 4049



ITERATION: 51

Ant 0 route: [0, 7, 10, 8, 9, 1, 13, 2, 3, 5, 11, 6, 12, 4, 0]
Distance: 4049

Ant 1 route: [0, 7, 10, 8, 9, 1, 13, 2, 3, 5, 11, 6, 12, 4, 0]
Distance: 4049

Ant 2 route: [0, 7, 10, 8, 9, 1, 13, 2, 3, 5, 11, 6, 12, 4, 0]
Distance: 4049

Ant 3 route: [0, 7, 10, 8, 9, 1, 13, 11, 5, 6, 12, 4, 3, 2, 0]
Distance: 3834

Ant 4 route: [0, 7, 10, 8, 9, 1, 13, 2, 3, 5, 11, 6, 12, 4, 0]
Distance: 4049

Ant 5 route: [0, 7, 10, 8, 9, 1, 13, 11, 6, 12, 4, 3, 5, 2, 0]
Distance: 4176

Ant 6 route: [0, 7, 10, 8, 9, 1, 13, 2, 3, 5, 11, 6, 12, 4, 0]
Distance: 4049

Ant 7 route: [0, 7, 10, 8, 9, 1, 13, 2, 3, 5, 11, 6, 12, 4, 0]
Distance: 4049



ITERATION: 52

Ant 0 route: [0, 7, 10, 8, 9, 1, 13, 2, 3, 5, 11, 6, 12, 4, 0]
Distance: 4049

Ant 1 route: [0, 7, 10, 8, 9, 1, 13, 2, 3, 5, 11, 6, 12, 4, 0]
Distance: 4049

Ant 2 route: [0, 7, 10, 8, 9, 1, 13, 2, 3, 5, 11, 6, 12, 4, 0]
Distance: 4049

Ant 3 route: [0, 7, 10, 8, 9, 1, 13, 2, 3, 5, 11, 6, 12, 4, 0]
Distance: 4049

Ant 4 route: [0, 7, 10, 8, 9, 1, 13, 11, 5, 6, 12, 4, 3, 2, 0]
Distance: 3834

Ant 5 route: [0, 7, 10, 8, 9, 1, 13, 2, 3, 5, 11, 6, 12, 4, 0]
Distance: 4049

Ant 6 route: [0, 7, 10, 8, 9, 1, 13, 2, 3, 5, 11, 6, 12, 4, 0]
Distance: 4049

Ant 7 route: [0, 7, 10, 8, 9, 1, 13, 11, 5, 6, 12, 4, 3, 2, 0]
Distance: 3834



ITERATION: 53

Ant 0 route: [0, 7, 10, 8, 9, 1, 13, 2, 3, 5, 11, 6, 12, 4, 0]
Distance: 4049

Ant 1 route: [0, 7, 10, 8, 9, 1, 13, 2, 3, 5, 11, 6, 12, 4, 0]
Distance: 4049

Ant 2 route: [0, 7, 10, 8, 9, 1, 13, 2, 3, 5, 11, 6, 12, 4, 0]
Distance: 4049

Ant 3 route: [0, 7, 10, 8, 9, 1, 13, 2, 3, 5, 11, 6, 12, 4, 0]
Distance: 4049

Ant 4 route: [0, 7, 10, 8, 1, 13, 11, 5, 6, 12, 4, 3, 2, 9, 0]
Distance: 4132

Ant 5 route: [0, 7, 10, 8, 9, 1, 13, 2, 3, 5, 11, 6, 12, 4, 0]
Distance: 4049

Ant 6 route: [0, 7, 10, 8, 9, 1, 13, 11, 5, 6, 12, 4, 3, 2, 0]
Distance: 3834

Ant 7 route: [0, 7, 10, 8, 9, 1, 13, 2, 3, 5, 11, 6, 12, 4, 0]
Distance: 4049



ITERATION: 54

Ant 0 route: [0, 7, 10, 8, 9, 1, 13, 11, 5, 6, 12, 4, 3, 2, 0]
Distance: 3834

Ant 1 route: [0, 7, 10, 8, 9, 1, 13, 2, 3, 5, 11, 6, 12, 4, 0]
Distance: 4049

Ant 2 route: [0, 7, 10, 8, 9, 1, 13, 11, 5, 6, 12, 4, 3, 2, 0]
Distance: 3834

Ant 3 route: [0, 7, 10, 8, 9, 1, 13, 2, 3, 5, 11, 6, 12, 4, 0]
Distance: 4049

Ant 4 route: [0, 7, 10, 8, 9, 1, 13, 2, 3, 5, 11, 6, 12, 4, 0]
Distance: 4049

Ant 5 route: [0, 7, 10, 8, 9, 1, 13, 2, 3, 5, 11, 6, 12, 4, 0]
Distance: 4049

Ant 6 route: [0, 7, 10, 8, 9, 1, 13, 2, 3, 5, 11, 6, 12, 4, 0]
Distance: 4049

Ant 7 route: [0, 7, 10, 8, 9, 1, 13, 2, 3, 5, 11, 6, 12, 4, 0]
Distance: 4049



ITERATION: 55

Ant 0 route: [0, 7, 10, 8, 9, 1, 13, 2, 3, 5, 11, 6, 12, 4, 0]
Distance: 4049

Ant 1 route: [0, 7, 10, 8, 9, 1, 13, 2, 3, 5, 11, 6, 12, 4, 0]
Distance: 4049

Ant 2 route: [0, 7, 10, 8, 9, 1, 13, 11, 5, 6, 12, 4, 3, 2, 0]
Distance: 3834

Ant 3 route: [0, 7, 10, 8, 9, 1, 13, 2, 3, 5, 11, 6, 12, 4, 0]
Distance: 4049

Ant 4 route: [0, 7, 10, 8, 9, 1, 13, 2, 3, 5, 11, 6, 12, 4, 0]
Distance: 4049

Ant 5 route: [0, 7, 10, 8, 9, 1, 13, 2, 3, 5, 11, 6, 12, 4, 0]
Distance: 4049

Ant 6 route: [0, 7, 10, 8, 9, 1, 13, 2, 3, 5, 11, 6, 12, 4, 0]
Distance: 4049

Ant 7 route: [0, 7, 10, 8, 9, 1, 13, 2, 3, 5, 11, 6, 12, 4, 0]
Distance: 4049



ITERATION: 56

Ant 0 route: [0, 7, 10, 8, 9, 1, 13, 2, 3, 5, 11, 6, 12, 4, 0]
Distance: 4049

Ant 1 route: [0, 7, 10, 8, 9, 1, 13, 2, 3, 5, 11, 6, 12, 4, 0]
Distance: 4049

Ant 2 route: [0, 7, 10, 8, 9, 1, 13, 2, 3, 5, 11, 6, 12, 4, 0]
Distance: 4049

Ant 3 route: [0, 7, 10, 8, 9, 1, 13, 2, 3, 5, 11, 6, 12, 4, 0]
Distance: 4049

Ant 4 route: [0, 7, 10, 8, 9, 1, 13, 2, 3, 5, 11, 6, 12, 4, 0]
Distance: 4049

Ant 5 route: [0, 7, 10, 8, 9, 1, 13, 11, 6, 12, 4, 3, 5, 2, 0]
Distance: 4176

Ant 6 route: [0, 7, 10, 8, 9, 1, 13, 2, 3, 5, 11, 6, 12, 4, 0]
Distance: 4049

Ant 7 route: [0, 7, 10, 8, 9, 1, 13, 11, 5, 6, 12, 4, 3, 2, 0]
Distance: 3834



ITERATION: 57

Ant 0 route: [0, 7, 10, 8, 9, 1, 13, 2, 3, 5, 11, 6, 12, 4, 0]
Distance: 4049

Ant 1 route: [0, 7, 10, 8, 9, 1, 13, 11, 5, 6, 12, 4, 3, 2, 0]
Distance: 3834

Ant 2 route: [0, 7, 10, 8, 9, 1, 13, 2, 3, 5, 11, 6, 12, 4, 0]
Distance: 4049

Ant 3 route: [0, 7, 10, 8, 9, 1, 13, 2, 3, 5, 11, 6, 12, 4, 0]
Distance: 4049

Ant 4 route: [0, 7, 10, 8, 9, 1, 13, 2, 3, 5, 11, 6, 12, 4, 0]
Distance: 4049

Ant 5 route: [0, 7, 10, 8, 9, 1, 13, 2, 3, 5, 11, 6, 12, 4, 0]
Distance: 4049

Ant 6 route: [0, 7, 10, 8, 9, 1, 13, 2, 3, 5, 11, 6, 12, 4, 0]
Distance: 4049

Ant 7 route: [0, 7, 10, 8, 9, 1, 13, 2, 3, 5, 11, 6, 12, 4, 0]
Distance: 4049



ITERATION: 58

Ant 0 route: [0, 7, 10, 8, 9, 1, 13, 11, 5, 6, 12, 4, 3, 2, 0]
Distance: 3834

Ant 1 route: [0, 7, 10, 8, 9, 1, 13, 11, 5, 6, 12, 4, 3, 2, 0]
Distance: 3834

Ant 2 route: [0, 7, 10, 8, 9, 1, 13, 2, 3, 5, 11, 6, 12, 4, 0]
Distance: 4049

Ant 3 route: [0, 7, 10, 8, 9, 1, 13, 2, 3, 5, 11, 6, 12, 4, 0]
Distance: 4049

Ant 4 route: [0, 7, 10, 8, 9, 1, 13, 2, 3, 5, 11, 6, 12, 4, 0]
Distance: 4049

Ant 5 route: [0, 7, 10, 8, 9, 1, 13, 2, 3, 5, 11, 6, 12, 4, 0]
Distance: 4049

Ant 6 route: [0, 7, 10, 8, 9, 1, 13, 2, 3, 5, 11, 6, 12, 4, 0]
Distance: 4049

Ant 7 route: [0, 7, 10, 8, 9, 1, 13, 2, 3, 5, 11, 6, 12, 4, 0]
Distance: 4049



ITERATION: 59

Ant 0 route: [0, 7, 10, 8, 9, 1, 13, 2, 3, 5, 11, 6, 12, 4, 0]
Distance: 4049

Ant 1 route: [0, 7, 10, 8, 9, 1, 13, 2, 3, 5, 11, 6, 12, 4, 0]
Distance: 4049

Ant 2 route: [0, 7, 10, 8, 9, 1, 13, 2, 3, 5, 11, 6, 12, 4, 0]
Distance: 4049

Ant 3 route: [0, 7, 10, 8, 9, 1, 13, 2, 3, 5, 11, 6, 12, 4, 0]
Distance: 4049

Ant 4 route: [0, 7, 10, 8, 9, 1, 13, 2, 3, 5, 11, 6, 12, 4, 0]
Distance: 4049

Ant 5 route: [0, 7, 10, 8, 9, 1, 13, 2, 3, 5, 11, 6, 12, 4, 0]
Distance: 4049

Ant 6 route: [0, 7, 10, 8, 9, 1, 13, 2, 3, 5, 11, 6, 12, 4, 0]
Distance: 4049

Ant 7 route: [0, 7, 10, 8, 9, 1, 13, 2, 3, 5, 11, 6, 12, 4, 0]
Distance: 4049



ITERATION: 60

Ant 0 route: [0, 7, 10, 8, 9, 1, 13, 2, 3, 5, 11, 6, 12, 4, 0]
Distance: 4049

Ant 1 route: [0, 7, 10, 8, 9, 1, 13, 2, 3, 5, 11, 6, 12, 4, 0]
Distance: 4049

Ant 2 route: [0, 7, 10, 8, 9, 1, 13, 2, 3, 5, 11, 6, 12, 4, 0]
Distance: 4049

Ant 3 route: [0, 7, 10, 8, 9, 1, 13, 2, 3, 5, 11, 6, 12, 4, 0]
Distance: 4049

Ant 4 route: [0, 7, 10, 8, 9, 1, 13, 2, 3, 5, 11, 6, 12, 4, 0]
Distance: 4049

Ant 5 route: [0, 7, 10, 8, 9, 1, 13, 2, 3, 5, 11, 6, 12, 4, 0]
Distance: 4049

Ant 6 route: [0, 7, 10, 8, 9, 1, 13, 2, 3, 5, 11, 6, 12, 4, 0]
Distance: 4049

Ant 7 route: [0, 7, 10, 8, 9, 1, 13, 2, 3, 5, 11, 6, 12, 4, 0]
Distance: 4049



ITERATION: 61

Ant 0 route: [0, 7, 10, 8, 9, 1, 13, 2, 3, 5, 11, 6, 12, 4, 0]
Distance: 4049

Ant 1 route: [0, 7, 10, 8, 9, 1, 13, 2, 3, 5, 11, 6, 12, 4, 0]
Distance: 4049

Ant 2 route: [0, 7, 10, 8, 9, 1, 13, 2, 3, 5, 11, 6, 12, 4, 0]
Distance: 4049

Ant 3 route: [0, 7, 10, 8, 9, 1, 13, 2, 3, 5, 11, 6, 12, 4, 0]
Distance: 4049

Ant 4 route: [0, 7, 10, 8, 9, 1, 13, 2, 3, 5, 11, 6, 12, 4, 0]
Distance: 4049

Ant 5 route: [0, 7, 10, 8, 9, 1, 13, 2, 3, 5, 11, 6, 12, 4, 0]
Distance: 4049

Ant 6 route: [0, 7, 10, 8, 9, 1, 13, 11, 5, 6, 12, 4, 3, 2, 0]
Distance: 3834

Ant 7 route: [0, 7, 10, 8, 9, 1, 13, 2, 3, 5, 11, 6, 12, 4, 0]
Distance: 4049



ITERATION: 62

Ant 0 route: [0, 7, 10, 8, 9, 1, 13, 2, 3, 5, 11, 6, 12, 4, 0]
Distance: 4049

Ant 1 route: [0, 7, 10, 8, 9, 1, 13, 2, 3, 5, 11, 6, 12, 4, 0]
Distance: 4049

Ant 2 route: [0, 7, 10, 8, 9, 1, 13, 2, 3, 5, 11, 6, 12, 4, 0]
Distance: 4049

Ant 3 route: [0, 7, 10, 8, 9, 1, 13, 2, 3, 5, 11, 6, 12, 4, 0]
Distance: 4049

Ant 4 route: [0, 7, 10, 8, 9, 1, 13, 2, 3, 5, 11, 6, 12, 4, 0]
Distance: 4049

Ant 5 route: [0, 7, 10, 8, 9, 1, 13, 2, 3, 5, 11, 6, 12, 4, 0]
Distance: 4049

Ant 6 route: [0, 7, 10, 8, 9, 1, 13, 2, 3, 5, 11, 6, 12, 4, 0]
Distance: 4049

Ant 7 route: [0, 7, 10, 8, 9, 1, 13, 2, 3, 5, 11, 6, 12, 4, 0]
Distance: 4049



ITERATION: 63

Ant 0 route: [0, 7, 10, 8, 9, 1, 13, 2, 3, 5, 11, 6, 12, 4, 0]
Distance: 4049

Ant 1 route: [0, 7, 10, 8, 9, 1, 13, 2, 3, 5, 11, 6, 12, 4, 0]
Distance: 4049

Ant 2 route: [0, 7, 10, 8, 9, 1, 13, 2, 3, 5, 11, 6, 12, 4, 0]
Distance: 4049

Ant 3 route: [0, 7, 10, 8, 9, 1, 13, 2, 3, 5, 11, 6, 12, 4, 0]
Distance: 4049

Ant 4 route: [0, 7, 10, 8, 9, 1, 13, 2, 3, 5, 11, 6, 12, 4, 0]
Distance: 4049

Ant 5 route: [0, 7, 10, 8, 9, 1, 13, 2, 3, 5, 11, 6, 12, 4, 0]
Distance: 4049

Ant 6 route: [0, 7, 10, 8, 9, 1, 13, 2, 3, 5, 11, 6, 12, 4, 0]
Distance: 4049

Ant 7 route: [0, 7, 10, 8, 9, 1, 13, 2, 3, 5, 11, 6, 12, 4, 0]
Distance: 4049



ITERATION: 64

Ant 0 route: [0, 7, 10, 8, 9, 1, 13, 2, 3, 5, 11, 6, 12, 4, 0]
Distance: 4049

Ant 1 route: [0, 7, 10, 8, 9, 1, 13, 2, 3, 5, 11, 6, 12, 4, 0]
Distance: 4049

Ant 2 route: [0, 7, 10, 8, 9, 1, 13, 2, 3, 5, 11, 6, 12, 4, 0]
Distance: 4049

Ant 3 route: [0, 7, 10, 8, 9, 1, 13, 2, 3, 5, 11, 6, 12, 4, 0]
Distance: 4049

Ant 4 route: [0, 7, 10, 8, 9, 1, 13, 2, 3, 5, 11, 6, 12, 4, 0]
Distance: 4049

Ant 5 route: [0, 7, 10, 8, 9, 1, 13, 2, 3, 5, 11, 6, 12, 4, 0]
Distance: 4049

Ant 6 route: [0, 7, 10, 8, 9, 1, 13, 2, 3, 5, 11, 6, 12, 4, 0]
Distance: 4049

Ant 7 route: [0, 7, 10, 8, 9, 1, 13, 2, 3, 5, 11, 6, 12, 4, 0]
Distance: 4049



ITERATION: 65

Ant 0 route: [0, 7, 10, 8, 9, 1, 13, 2, 3, 5, 11, 6, 12, 4, 0]
Distance: 4049

Ant 1 route: [0, 7, 10, 8, 9, 1, 13, 2, 3, 5, 11, 6, 12, 4, 0]
Distance: 4049

Ant 2 route: [0, 7, 10, 8, 9, 1, 13, 2, 3, 5, 11, 6, 12, 4, 0]
Distance: 4049

Ant 3 route: [0, 7, 10, 8, 9, 1, 13, 2, 3, 5, 11, 6, 12, 4, 0]
Distance: 4049

Ant 4 route: [0, 7, 10, 8, 9, 1, 13, 2, 3, 5, 11, 6, 12, 4, 0]
Distance: 4049

Ant 5 route: [0, 7, 10, 8, 9, 1, 13, 2, 3, 5, 11, 6, 12, 4, 0]
Distance: 4049

Ant 6 route: [0, 7, 10, 8, 9, 1, 13, 2, 3, 5, 11, 6, 12, 4, 0]
Distance: 4049

Ant 7 route: [0, 7, 10, 8, 9, 1, 13, 2, 3, 5, 11, 6, 12, 4, 0]
Distance: 4049



ITERATION: 66

Ant 0 route: [0, 7, 10, 8, 9, 1, 13, 2, 3, 5, 11, 6, 12, 4, 0]
Distance: 4049

Ant 1 route: [0, 7, 10, 8, 9, 1, 13, 2, 3, 5, 11, 6, 12, 4, 0]
Distance: 4049

Ant 2 route: [0, 7, 10, 8, 9, 1, 13, 2, 3, 5, 11, 6, 12, 4, 0]
Distance: 4049

Ant 3 route: [0, 7, 10, 8, 9, 1, 13, 2, 3, 5, 11, 6, 12, 4, 0]
Distance: 4049

Ant 4 route: [0, 7, 10, 8, 9, 1, 13, 2, 3, 5, 11, 6, 12, 4, 0]
Distance: 4049

Ant 5 route: [0, 7, 10, 8, 9, 1, 13, 2, 3, 5, 11, 6, 12, 4, 0]
Distance: 4049

Ant 6 route: [0, 7, 10, 8, 9, 1, 13, 2, 3, 5, 11, 6, 12, 4, 0]
Distance: 4049

Ant 7 route: [0, 7, 10, 8, 9, 1, 13, 2, 3, 5, 11, 6, 12, 4, 0]
Distance: 4049



ITERATION: 67

Ant 0 route: [0, 7, 10, 8, 9, 1, 13, 2, 3, 5, 11, 6, 12, 4, 0]
Distance: 4049

Ant 1 route: [0, 7, 10, 8, 9, 1, 13, 2, 3, 5, 11, 6, 12, 4, 0]
Distance: 4049

Ant 2 route: [0, 7, 10, 8, 9, 1, 13, 2, 3, 5, 11, 6, 12, 4, 0]
Distance: 4049

Ant 3 route: [0, 7, 10, 8, 9, 1, 13, 2, 3, 5, 11, 6, 12, 4, 0]
Distance: 4049

Ant 4 route: [0, 7, 10, 8, 9, 1, 13, 2, 3, 5, 11, 6, 12, 4, 0]
Distance: 4049

Ant 5 route: [0, 7, 10, 8, 9, 1, 13, 2, 3, 5, 11, 6, 12, 4, 0]
Distance: 4049

Ant 6 route: [0, 7, 10, 8, 9, 1, 13, 2, 3, 5, 11, 6, 12, 4, 0]
Distance: 4049

Ant 7 route: [0, 7, 10, 8, 9, 1, 13, 2, 3, 5, 11, 6, 12, 4, 0]
Distance: 4049



ITERATION: 68

Ant 0 route: [0, 7, 10, 8, 9, 1, 13, 2, 3, 5, 11, 6, 12, 4, 0]
Distance: 4049

Ant 1 route: [0, 7, 10, 8, 9, 1, 13, 2, 3, 5, 11, 6, 12, 4, 0]
Distance: 4049

Ant 2 route: [0, 7, 10, 8, 9, 1, 13, 2, 3, 5, 11, 6, 12, 4, 0]
Distance: 4049

Ant 3 route: [0, 7, 10, 8, 9, 1, 13, 2, 3, 5, 11, 6, 12, 4, 0]
Distance: 4049

Ant 4 route: [0, 7, 10, 8, 9, 1, 13, 2, 3, 5, 11, 6, 12, 4, 0]
Distance: 4049

Ant 5 route: [0, 7, 10, 8, 9, 1, 13, 2, 3, 5, 11, 6, 12, 4, 0]
Distance: 4049

Ant 6 route: [0, 7, 10, 8, 9, 1, 13, 2, 3, 5, 11, 6, 12, 4, 0]
Distance: 4049

Ant 7 route: [0, 7, 10, 8, 9, 1, 13, 2, 3, 5, 11, 6, 12, 4, 0]
Distance: 4049



ITERATION: 69

Ant 0 route: [0, 7, 10, 8, 9, 1, 13, 2, 3, 5, 11, 6, 12, 4, 0]
Distance: 4049

Ant 1 route: [0, 7, 10, 8, 9, 1, 13, 2, 3, 5, 11, 6, 12, 4, 0]
Distance: 4049

Ant 2 route: [0, 7, 10, 8, 9, 1, 13, 2, 3, 5, 11, 6, 12, 4, 0]
Distance: 4049

Ant 3 route: [0, 7, 10, 8, 9, 1, 13, 2, 3, 5, 11, 6, 12, 4, 0]
Distance: 4049

Ant 4 route: [0, 7, 10, 8, 9, 1, 13, 2, 3, 5, 11, 6, 12, 4, 0]
Distance: 4049

Ant 5 route: [0, 7, 10, 8, 9, 1, 13, 2, 3, 5, 11, 6, 12, 4, 0]
Distance: 4049

Ant 6 route: [0, 7, 10, 8, 9, 1, 13, 2, 3, 5, 11, 6, 12, 4, 0]
Distance: 4049

Ant 7 route: [0, 7, 10, 8, 9, 1, 13, 2, 3, 5, 11, 6, 12, 4, 0]
Distance: 4049



ITERATION: 70

Ant 0 route: [0, 7, 10, 8, 9, 1, 13, 2, 3, 5, 11, 6, 12, 4, 0]
Distance: 4049

Ant 1 route: [0, 7, 10, 8, 9, 1, 13, 2, 3, 5, 11, 6, 12, 4, 0]
Distance: 4049

Ant 2 route: [0, 7, 10, 8, 9, 1, 13, 2, 3, 5, 11, 6, 12, 4, 0]
Distance: 4049

Ant 3 route: [0, 7, 10, 8, 9, 1, 13, 2, 3, 5, 11, 6, 12, 4, 0]
Distance: 4049

Ant 4 route: [0, 7, 10, 8, 9, 1, 13, 2, 3, 5, 11, 6, 12, 4, 0]
Distance: 4049

Ant 5 route: [0, 7, 10, 8, 9, 1, 13, 2, 3, 5, 11, 6, 12, 4, 0]
Distance: 4049

Ant 6 route: [0, 7, 10, 8, 9, 1, 13, 2, 3, 5, 11, 6, 12, 4, 0]
Distance: 4049

Ant 7 route: [0, 7, 10, 8, 9, 1, 13, 2, 3, 5, 11, 6, 12, 4, 0]
Distance: 4049



ITERATION: 71

Ant 0 route: [0, 7, 10, 8, 9, 1, 13, 2, 3, 5, 11, 6, 12, 4, 0]
Distance: 4049

Ant 1 route: [0, 7, 10, 8, 9, 1, 13, 2, 3, 5, 11, 6, 12, 4, 0]
Distance: 4049

Ant 2 route: [0, 7, 10, 8, 9, 1, 13, 2, 3, 5, 11, 6, 12, 4, 0]
Distance: 4049

Ant 3 route: [0, 7, 10, 8, 9, 1, 13, 2, 3, 5, 11, 6, 12, 4, 0]
Distance: 4049

Ant 4 route: [0, 7, 10, 8, 9, 1, 13, 2, 3, 5, 11, 6, 12, 4, 0]
Distance: 4049

Ant 5 route: [0, 7, 10, 8, 9, 1, 13, 2, 3, 5, 11, 6, 12, 4, 0]
Distance: 4049

Ant 6 route: [0, 7, 10, 8, 9, 1, 13, 2, 3, 5, 11, 6, 12, 4, 0]
Distance: 4049

Ant 7 route: [0, 7, 10, 8, 9, 1, 13, 2, 3, 5, 11, 6, 12, 4, 0]
Distance: 4049



ITERATION: 72

Ant 0 route: [0, 7, 10, 8, 9, 1, 13, 2, 3, 5, 11, 6, 12, 4, 0]
Distance: 4049

Ant 1 route: [0, 7, 10, 8, 9, 1, 13, 2, 3, 5, 11, 6, 12, 4, 0]
Distance: 4049

Ant 2 route: [0, 7, 10, 8, 9, 1, 13, 2, 3, 5, 11, 6, 12, 4, 0]
Distance: 4049

Ant 3 route: [0, 7, 10, 8, 9, 1, 13, 2, 3, 5, 11, 6, 12, 4, 0]
Distance: 4049

Ant 4 route: [0, 7, 10, 8, 9, 1, 13, 2, 3, 5, 11, 6, 12, 4, 0]
Distance: 4049

Ant 5 route: [0, 7, 10, 8, 9, 1, 13, 2, 3, 5, 11, 6, 12, 4, 0]
Distance: 4049

Ant 6 route: [0, 7, 10, 8, 9, 1, 13, 2, 3, 5, 11, 6, 12, 4, 0]
Distance: 4049

Ant 7 route: [0, 7, 10, 8, 9, 1, 13, 2, 3, 5, 11, 6, 12, 4, 0]
Distance: 4049



ITERATION: 73

Ant 0 route: [0, 7, 10, 8, 9, 1, 13, 2, 3, 5, 11, 6, 12, 4, 0]
Distance: 4049

Ant 1 route: [0, 7, 10, 8, 9, 1, 13, 2, 3, 5, 11, 6, 12, 4, 0]
Distance: 4049

Ant 2 route: [0, 7, 10, 8, 9, 1, 13, 2, 3, 5, 11, 6, 12, 4, 0]
Distance: 4049

Ant 3 route: [0, 7, 10, 8, 9, 1, 13, 2, 3, 5, 11, 6, 12, 4, 0]
Distance: 4049

Ant 4 route: [0, 7, 10, 8, 9, 1, 13, 2, 3, 5, 11, 6, 12, 4, 0]
Distance: 4049

Ant 5 route: [0, 7, 10, 8, 9, 1, 13, 2, 3, 5, 11, 6, 12, 4, 0]
Distance: 4049

Ant 6 route: [0, 7, 10, 8, 9, 1, 13, 2, 3, 5, 11, 6, 12, 4, 0]
Distance: 4049

Ant 7 route: [0, 7, 10, 8, 9, 1, 13, 2, 3, 5, 11, 6, 12, 4, 0]
Distance: 4049



ITERATION: 74

Ant 0 route: [0, 7, 10, 8, 9, 1, 13, 2, 3, 5, 11, 6, 12, 4, 0]
Distance: 4049

Ant 1 route: [0, 7, 10, 8, 9, 1, 13, 2, 3, 5, 11, 6, 12, 4, 0]
Distance: 4049

Ant 2 route: [0, 7, 10, 8, 9, 1, 13, 2, 3, 5, 11, 6, 12, 4, 0]
Distance: 4049

Ant 3 route: [0, 7, 10, 8, 9, 1, 13, 2, 3, 5, 11, 6, 12, 4, 0]
Distance: 4049

Ant 4 route: [0, 7, 10, 8, 9, 1, 13, 2, 3, 5, 11, 6, 12, 4, 0]
Distance: 4049

Ant 5 route: [0, 7, 10, 8, 9, 1, 13, 2, 3, 5, 11, 6, 12, 4, 0]
Distance: 4049

Ant 6 route: [0, 7, 10, 8, 9, 1, 13, 2, 3, 5, 11, 6, 12, 4, 0]
Distance: 4049

Ant 7 route: [0, 7, 10, 8, 9, 1, 13, 2, 3, 5, 11, 6, 12, 4, 0]
Distance: 4049



ITERATION: 75

Ant 0 route: [0, 7, 10, 8, 9, 1, 13, 2, 3, 5, 11, 6, 12, 4, 0]
Distance: 4049

Ant 1 route: [0, 7, 10, 8, 9, 1, 13, 2, 3, 5, 11, 6, 12, 4, 0]
Distance: 4049

Ant 2 route: [0, 7, 10, 8, 9, 1, 13, 2, 3, 5, 11, 6, 12, 4, 0]
Distance: 4049

Ant 3 route: [0, 7, 10, 8, 9, 1, 13, 2, 3, 5, 11, 6, 12, 4, 0]
Distance: 4049

Ant 4 route: [0, 7, 10, 8, 9, 1, 13, 2, 3, 5, 11, 6, 12, 4, 0]
Distance: 4049

Ant 5 route: [0, 7, 10, 8, 9, 1, 13, 2, 3, 5, 11, 6, 12, 4, 0]
Distance: 4049

Ant 6 route: [0, 7, 10, 8, 9, 1, 13, 2, 3, 5, 11, 6, 12, 4, 0]
Distance: 4049

Ant 7 route: [0, 7, 10, 8, 9, 1, 13, 2, 3, 5, 11, 6, 12, 4, 0]
Distance: 4049



ITERATION: 76

Ant 0 route: [0, 7, 10, 8, 9, 1, 13, 2, 3, 5, 11, 6, 12, 4, 0]
Distance: 4049

Ant 1 route: [0, 7, 10, 8, 9, 1, 13, 2, 3, 5, 11, 6, 12, 4, 0]
Distance: 4049

Ant 2 route: [0, 7, 10, 8, 9, 1, 13, 2, 3, 5, 11, 6, 12, 4, 0]
Distance: 4049

Ant 3 route: [0, 7, 10, 8, 9, 1, 13, 2, 3, 5, 11, 6, 12, 4, 0]
Distance: 4049

Ant 4 route: [0, 7, 10, 8, 9, 1, 13, 2, 3, 5, 11, 6, 12, 4, 0]
Distance: 4049

Ant 5 route: [0, 7, 10, 8, 9, 1, 13, 2, 3, 5, 11, 6, 12, 4, 0]
Distance: 4049

Ant 6 route: [0, 7, 10, 8, 9, 1, 13, 2, 3, 5, 11, 6, 12, 4, 0]
Distance: 4049

Ant 7 route: [0, 7, 10, 8, 9, 1, 13, 2, 3, 5, 11, 6, 12, 4, 0]
Distance: 4049



ITERATION: 77

Ant 0 route: [0, 7, 10, 8, 9, 1, 13, 2, 3, 5, 11, 6, 12, 4, 0]
Distance: 4049

Ant 1 route: [0, 7, 10, 8, 9, 1, 13, 2, 3, 5, 11, 6, 12, 4, 0]
Distance: 4049

Ant 2 route: [0, 7, 10, 8, 9, 1, 13, 2, 3, 5, 11, 6, 12, 4, 0]
Distance: 4049

Ant 3 route: [0, 7, 10, 8, 9, 1, 13, 2, 3, 5, 11, 6, 12, 4, 0]
Distance: 4049

Ant 4 route: [0, 7, 10, 8, 9, 1, 13, 2, 3, 5, 11, 6, 12, 4, 0]
Distance: 4049

Ant 5 route: [0, 7, 10, 8, 9, 1, 13, 2, 3, 5, 11, 6, 12, 4, 0]
Distance: 4049

Ant 6 route: [0, 7, 10, 8, 9, 1, 13, 2, 3, 5, 11, 6, 12, 4, 0]
Distance: 4049

Ant 7 route: [0, 7, 10, 8, 9, 1, 13, 2, 3, 5, 11, 6, 12, 4, 0]
Distance: 4049



ITERATION: 78

Ant 0 route: [0, 7, 10, 8, 9, 1, 13, 2, 3, 5, 11, 6, 12, 4, 0]
Distance: 4049

Ant 1 route: [0, 7, 10, 8, 9, 1, 13, 2, 3, 5, 11, 6, 12, 4, 0]
Distance: 4049

Ant 2 route: [0, 7, 10, 8, 9, 1, 13, 2, 3, 5, 11, 6, 12, 4, 0]
Distance: 4049

Ant 3 route: [0, 7, 10, 8, 9, 1, 13, 2, 3, 5, 11, 6, 12, 4, 0]
Distance: 4049

Ant 4 route: [0, 7, 10, 8, 9, 1, 13, 2, 3, 5, 11, 6, 12, 4, 0]
Distance: 4049

Ant 5 route: [0, 7, 10, 8, 9, 1, 13, 2, 3, 5, 11, 6, 12, 4, 0]
Distance: 4049

Ant 6 route: [0, 7, 10, 8, 9, 1, 13, 2, 3, 5, 11, 6, 12, 4, 0]
Distance: 4049

Ant 7 route: [0, 7, 10, 8, 9, 1, 13, 2, 3, 5, 11, 6, 12, 4, 0]
Distance: 4049



ITERATION: 79

Ant 0 route: [0, 7, 10, 8, 9, 1, 13, 2, 3, 5, 11, 6, 12, 4, 0]
Distance: 4049

Ant 1 route: [0, 7, 10, 8, 9, 1, 13, 2, 3, 5, 11, 6, 12, 4, 0]
Distance: 4049

Ant 2 route: [0, 7, 10, 8, 9, 1, 13, 2, 3, 5, 11, 6, 12, 4, 0]
Distance: 4049

Ant 3 route: [0, 7, 10, 8, 9, 1, 13, 2, 3, 5, 11, 6, 12, 4, 0]
Distance: 4049

Ant 4 route: [0, 7, 10, 8, 9, 1, 13, 2, 3, 5, 11, 6, 12, 4, 0]
Distance: 4049

Ant 5 route: [0, 7, 10, 8, 9, 1, 13, 2, 3, 5, 11, 6, 12, 4, 0]
Distance: 4049

Ant 6 route: [0, 7, 10, 8, 9, 1, 13, 2, 3, 5, 11, 6, 12, 4, 0]
Distance: 4049

Ant 7 route: [0, 7, 10, 8, 9, 1, 13, 2, 3, 5, 11, 6, 12, 4, 0]
Distance: 4049



ITERATION: 80

Ant 0 route: [0, 7, 10, 8, 9, 1, 13, 2, 3, 5, 11, 6, 12, 4, 0]
Distance: 4049

Ant 1 route: [0, 7, 10, 8, 9, 1, 13, 2, 3, 5, 11, 6, 12, 4, 0]
Distance: 4049

Ant 2 route: [0, 7, 10, 8, 9, 1, 13, 2, 3, 5, 11, 6, 12, 4, 0]
Distance: 4049

Ant 3 route: [0, 7, 10, 8, 9, 1, 13, 2, 3, 5, 11, 6, 12, 4, 0]
Distance: 4049

Ant 4 route: [0, 7, 10, 8, 9, 1, 13, 2, 3, 5, 11, 6, 12, 4, 0]
Distance: 4049

Ant 5 route: [0, 7, 10, 8, 9, 1, 13, 2, 3, 5, 11, 6, 12, 4, 0]
Distance: 4049

Ant 6 route: [0, 7, 10, 8, 9, 1, 13, 2, 3, 5, 11, 6, 12, 4, 0]
Distance: 4049

Ant 7 route: [0, 7, 10, 8, 9, 1, 13, 2, 3, 5, 11, 6, 12, 4, 0]
Distance: 4049



ITERATION: 81

Ant 0 route: [0, 7, 10, 8, 9, 1, 13, 2, 3, 5, 11, 6, 12, 4, 0]
Distance: 4049

Ant 1 route: [0, 7, 10, 8, 9, 1, 13, 2, 3, 5, 11, 6, 12, 4, 0]
Distance: 4049

Ant 2 route: [0, 7, 10, 8, 9, 1, 13, 2, 3, 5, 11, 6, 12, 4, 0]
Distance: 4049

Ant 3 route: [0, 7, 10, 8, 9, 1, 13, 2, 3, 5, 11, 6, 12, 4, 0]
Distance: 4049

Ant 4 route: [0, 7, 10, 8, 9, 1, 13, 2, 3, 5, 11, 6, 12, 4, 0]
Distance: 4049

Ant 5 route: [0, 7, 10, 8, 9, 1, 13, 2, 3, 5, 11, 6, 12, 4, 0]
Distance: 4049

Ant 6 route: [0, 7, 10, 8, 9, 1, 13, 2, 3, 5, 11, 6, 12, 4, 0]
Distance: 4049

Ant 7 route: [0, 7, 10, 8, 9, 1, 13, 2, 3, 5, 11, 6, 12, 4, 0]
Distance: 4049



ITERATION: 82

Ant 0 route: [0, 7, 10, 8, 9, 1, 13, 2, 3, 5, 11, 6, 12, 4, 0]
Distance: 4049

Ant 1 route: [0, 7, 10, 8, 9, 1, 13, 2, 3, 5, 11, 6, 12, 4, 0]
Distance: 4049

Ant 2 route: [0, 7, 10, 8, 9, 1, 13, 2, 3, 5, 11, 6, 12, 4, 0]
Distance: 4049

Ant 3 route: [0, 7, 10, 8, 9, 1, 13, 2, 3, 5, 11, 6, 12, 4, 0]
Distance: 4049

Ant 4 route: [0, 7, 10, 8, 9, 1, 13, 2, 3, 5, 11, 6, 12, 4, 0]
Distance: 4049

Ant 5 route: [0, 7, 10, 8, 9, 1, 13, 2, 3, 5, 11, 6, 12, 4, 0]
Distance: 4049

Ant 6 route: [0, 7, 10, 8, 9, 1, 13, 2, 3, 5, 11, 6, 12, 4, 0]
Distance: 4049

Ant 7 route: [0, 7, 10, 8, 9, 1, 13, 2, 3, 5, 11, 6, 12, 4, 0]
Distance: 4049



ITERATION: 83

Ant 0 route: [0, 7, 10, 8, 9, 1, 13, 2, 3, 5, 11, 6, 12, 4, 0]
Distance: 4049

Ant 1 route: [0, 7, 10, 8, 9, 1, 13, 2, 3, 5, 11, 6, 12, 4, 0]
Distance: 4049

Ant 2 route: [0, 7, 10, 8, 9, 1, 13, 2, 3, 5, 11, 6, 12, 4, 0]
Distance: 4049

Ant 3 route: [0, 7, 10, 8, 9, 1, 13, 2, 3, 5, 11, 6, 12, 4, 0]
Distance: 4049

Ant 4 route: [0, 7, 10, 8, 9, 1, 13, 2, 3, 5, 11, 6, 12, 4, 0]
Distance: 4049

Ant 5 route: [0, 7, 10, 8, 9, 1, 13, 2, 3, 5, 11, 6, 12, 4, 0]
Distance: 4049

Ant 6 route: [0, 7, 10, 8, 9, 1, 13, 2, 3, 5, 11, 6, 12, 4, 0]
Distance: 4049

Ant 7 route: [0, 7, 10, 8, 9, 1, 13, 2, 3, 5, 11, 6, 12, 4, 0]
Distance: 4049



ITERATION: 84

Ant 0 route: [0, 7, 10, 8, 9, 1, 13, 2, 3, 5, 11, 6, 12, 4, 0]
Distance: 4049

Ant 1 route: [0, 7, 10, 8, 9, 1, 13, 2, 3, 5, 11, 6, 12, 4, 0]
Distance: 4049

Ant 2 route: [0, 7, 10, 8, 9, 1, 13, 2, 3, 5, 11, 6, 12, 4, 0]
Distance: 4049

Ant 3 route: [0, 7, 10, 8, 9, 1, 13, 2, 3, 5, 11, 6, 12, 4, 0]
Distance: 4049

Ant 4 route: [0, 7, 10, 8, 9, 1, 13, 2, 3, 5, 11, 6, 12, 4, 0]
Distance: 4049

Ant 5 route: [0, 7, 10, 8, 9, 1, 13, 2, 3, 5, 11, 6, 12, 4, 0]
Distance: 4049

Ant 6 route: [0, 7, 10, 8, 9, 1, 13, 2, 3, 5, 11, 6, 12, 4, 0]
Distance: 4049

Ant 7 route: [0, 7, 10, 8, 9, 1, 13, 2, 3, 5, 11, 6, 12, 4, 0]
Distance: 4049



ITERATION: 85

Ant 0 route: [0, 7, 10, 8, 9, 1, 13, 2, 3, 5, 11, 6, 12, 4, 0]
Distance: 4049

Ant 1 route: [0, 7, 10, 8, 9, 1, 13, 2, 3, 5, 11, 6, 12, 4, 0]
Distance: 4049

Ant 2 route: [0, 7, 10, 8, 9, 1, 13, 2, 3, 5, 11, 6, 12, 4, 0]
Distance: 4049

Ant 3 route: [0, 7, 10, 8, 9, 1, 13, 2, 3, 5, 11, 6, 12, 4, 0]
Distance: 4049

Ant 4 route: [0, 7, 10, 8, 9, 1, 13, 2, 3, 5, 11, 6, 12, 4, 0]
Distance: 4049

Ant 5 route: [0, 7, 10, 8, 9, 1, 13, 2, 3, 5, 11, 6, 12, 4, 0]
Distance: 4049

Ant 6 route: [0, 7, 10, 8, 9, 1, 13, 2, 3, 5, 11, 6, 12, 4, 0]
Distance: 4049

Ant 7 route: [0, 7, 10, 8, 9, 1, 13, 2, 3, 5, 11, 6, 12, 4, 0]
Distance: 4049



ITERATION: 86

Ant 0 route: [0, 7, 10, 8, 9, 1, 13, 2, 3, 5, 11, 6, 12, 4, 0]
Distance: 4049

Ant 1 route: [0, 7, 10, 8, 9, 1, 13, 2, 3, 5, 11, 6, 12, 4, 0]
Distance: 4049

Ant 2 route: [0, 7, 10, 8, 9, 1, 13, 2, 3, 5, 11, 6, 12, 4, 0]
Distance: 4049

Ant 3 route: [0, 7, 10, 8, 9, 1, 13, 2, 3, 5, 11, 6, 12, 4, 0]
Distance: 4049

Ant 4 route: [0, 7, 10, 8, 9, 1, 13, 2, 3, 5, 11, 6, 12, 4, 0]
Distance: 4049

Ant 5 route: [0, 7, 10, 8, 9, 1, 13, 2, 3, 5, 11, 6, 12, 4, 0]
Distance: 4049

Ant 6 route: [0, 7, 10, 8, 9, 1, 13, 2, 3, 5, 11, 6, 12, 4, 0]
Distance: 4049

Ant 7 route: [0, 7, 10, 8, 9, 1, 13, 2, 3, 5, 11, 6, 12, 4, 0]
Distance: 4049



ITERATION: 87

Ant 0 route: [0, 7, 10, 8, 9, 1, 13, 2, 3, 5, 11, 6, 12, 4, 0]
Distance: 4049

Ant 1 route: [0, 7, 10, 8, 9, 1, 13, 2, 3, 5, 11, 6, 12, 4, 0]
Distance: 4049

Ant 2 route: [0, 7, 10, 8, 9, 1, 13, 2, 3, 5, 11, 6, 12, 4, 0]
Distance: 4049

Ant 3 route: [0, 7, 10, 8, 9, 1, 13, 2, 3, 5, 11, 6, 12, 4, 0]
Distance: 4049

Ant 4 route: [0, 7, 10, 8, 9, 1, 13, 2, 3, 5, 11, 6, 12, 4, 0]
Distance: 4049

Ant 5 route: [0, 7, 10, 8, 9, 1, 13, 2, 3, 5, 11, 6, 12, 4, 0]
Distance: 4049

Ant 6 route: [0, 7, 10, 8, 9, 1, 13, 2, 3, 5, 11, 6, 12, 4, 0]
Distance: 4049

Ant 7 route: [0, 7, 10, 8, 9, 1, 13, 2, 3, 5, 11, 6, 12, 4, 0]
Distance: 4049



ITERATION: 88

Ant 0 route: [0, 7, 10, 8, 9, 1, 13, 2, 3, 5, 11, 6, 12, 4, 0]
Distance: 4049

Ant 1 route: [0, 7, 10, 8, 9, 1, 13, 2, 3, 5, 11, 6, 12, 4, 0]
Distance: 4049

Ant 2 route: [0, 7, 10, 8, 9, 1, 13, 2, 3, 5, 11, 6, 12, 4, 0]
Distance: 4049

Ant 3 route: [0, 7, 10, 8, 9, 1, 13, 2, 3, 5, 11, 6, 12, 4, 0]
Distance: 4049

Ant 4 route: [0, 7, 10, 8, 9, 1, 13, 2, 3, 5, 11, 6, 12, 4, 0]
Distance: 4049

Ant 5 route: [0, 7, 10, 8, 9, 1, 13, 2, 3, 5, 11, 6, 12, 4, 0]
Distance: 4049

Ant 6 route: [0, 7, 10, 8, 9, 1, 13, 2, 3, 5, 11, 6, 12, 4, 0]
Distance: 4049

Ant 7 route: [0, 7, 10, 8, 9, 1, 13, 2, 3, 5, 11, 6, 12, 4, 0]
Distance: 4049



ITERATION: 89

Ant 0 route: [0, 7, 10, 8, 9, 1, 13, 2, 3, 5, 11, 6, 12, 4, 0]
Distance: 4049

Ant 1 route: [0, 7, 10, 8, 9, 1, 13, 2, 3, 5, 11, 6, 12, 4, 0]
Distance: 4049

Ant 2 route: [0, 7, 10, 8, 9, 1, 13, 2, 3, 5, 11, 6, 12, 4, 0]
Distance: 4049

Ant 3 route: [0, 7, 10, 8, 9, 1, 13, 2, 3, 5, 11, 6, 12, 4, 0]
Distance: 4049

Ant 4 route: [0, 7, 10, 8, 9, 1, 13, 2, 3, 5, 11, 6, 12, 4, 0]
Distance: 4049

Ant 5 route: [0, 7, 10, 8, 9, 1, 13, 2, 3, 5, 11, 6, 12, 4, 0]
Distance: 4049

Ant 6 route: [0, 7, 10, 8, 9, 1, 13, 2, 3, 5, 11, 6, 12, 4, 0]
Distance: 4049

Ant 7 route: [0, 7, 10, 8, 9, 1, 13, 2, 3, 5, 11, 6, 12, 4, 0]
Distance: 4049



ITERATION: 90

Ant 0 route: [0, 7, 10, 8, 9, 1, 13, 2, 3, 5, 11, 6, 12, 4, 0]
Distance: 4049

Ant 1 route: [0, 7, 10, 8, 9, 1, 13, 2, 3, 5, 11, 6, 12, 4, 0]
Distance: 4049

Ant 2 route: [0, 7, 10, 8, 9, 1, 13, 2, 3, 5, 11, 6, 12, 4, 0]
Distance: 4049

Ant 3 route: [0, 7, 10, 8, 9, 1, 13, 2, 3, 5, 11, 6, 12, 4, 0]
Distance: 4049

Ant 4 route: [0, 7, 10, 8, 9, 1, 13, 2, 3, 5, 11, 6, 12, 4, 0]
Distance: 4049

Ant 5 route: [0, 7, 10, 8, 9, 1, 13, 2, 3, 5, 11, 6, 12, 4, 0]
Distance: 4049

Ant 6 route: [0, 7, 10, 8, 9, 1, 13, 2, 3, 5, 11, 6, 12, 4, 0]
Distance: 4049

Ant 7 route: [0, 7, 10, 8, 9, 1, 13, 2, 3, 5, 11, 6, 12, 4, 0]
Distance: 4049



ITERATION: 91

Ant 0 route: [0, 7, 10, 8, 9, 1, 13, 2, 3, 5, 11, 6, 12, 4, 0]
Distance: 4049

Ant 1 route: [0, 7, 10, 8, 9, 1, 13, 2, 3, 5, 11, 6, 12, 4, 0]
Distance: 4049

Ant 2 route: [0, 7, 10, 8, 9, 1, 13, 2, 3, 5, 11, 6, 12, 4, 0]
Distance: 4049

Ant 3 route: [0, 7, 10, 8, 9, 1, 13, 2, 3, 5, 11, 6, 12, 4, 0]
Distance: 4049

Ant 4 route: [0, 7, 10, 8, 9, 1, 13, 2, 3, 5, 11, 6, 12, 4, 0]
Distance: 4049

Ant 5 route: [0, 7, 10, 8, 9, 1, 13, 2, 3, 5, 11, 6, 12, 4, 0]
Distance: 4049

Ant 6 route: [0, 7, 10, 8, 9, 1, 13, 2, 3, 5, 11, 6, 12, 4, 0]
Distance: 4049

Ant 7 route: [0, 7, 10, 8, 9, 1, 13, 2, 3, 5, 11, 6, 12, 4, 0]
Distance: 4049



ITERATION: 92

Ant 0 route: [0, 7, 10, 8, 9, 1, 13, 2, 3, 5, 11, 6, 12, 4, 0]
Distance: 4049

Ant 1 route: [0, 7, 10, 8, 9, 1, 13, 2, 3, 5, 11, 6, 12, 4, 0]
Distance: 4049

Ant 2 route: [0, 7, 10, 8, 9, 1, 13, 2, 3, 5, 11, 6, 12, 4, 0]
Distance: 4049

Ant 3 route: [0, 7, 10, 8, 9, 1, 13, 2, 3, 5, 11, 6, 12, 4, 0]
Distance: 4049

Ant 4 route: [0, 7, 10, 8, 9, 1, 13, 2, 3, 5, 11, 6, 12, 4, 0]
Distance: 4049

Ant 5 route: [0, 7, 10, 8, 9, 1, 13, 2, 3, 5, 11, 6, 12, 4, 0]
Distance: 4049

Ant 6 route: [0, 7, 10, 8, 9, 1, 13, 2, 3, 5, 11, 6, 12, 4, 0]
Distance: 4049

Ant 7 route: [0, 7, 10, 8, 9, 1, 13, 2, 3, 5, 11, 6, 12, 4, 0]
Distance: 4049



ITERATION: 93

Ant 0 route: [0, 7, 10, 8, 9, 1, 13, 2, 3, 5, 11, 6, 12, 4, 0]
Distance: 4049

Ant 1 route: [0, 7, 10, 8, 9, 1, 13, 2, 3, 5, 11, 6, 12, 4, 0]
Distance: 4049

Ant 2 route: [0, 7, 10, 8, 9, 1, 13, 2, 3, 5, 11, 6, 12, 4, 0]
Distance: 4049

Ant 3 route: [0, 7, 10, 8, 9, 1, 13, 2, 3, 5, 11, 6, 12, 4, 0]
Distance: 4049

Ant 4 route: [0, 7, 10, 8, 9, 1, 13, 2, 3, 5, 11, 6, 12, 4, 0]
Distance: 4049

Ant 5 route: [0, 7, 10, 8, 9, 1, 13, 2, 3, 5, 11, 6, 12, 4, 0]
Distance: 4049

Ant 6 route: [0, 7, 10, 8, 9, 1, 13, 2, 3, 5, 11, 6, 12, 4, 0]
Distance: 4049

Ant 7 route: [0, 7, 10, 8, 9, 1, 13, 2, 3, 5, 11, 6, 12, 4, 0]
Distance: 4049



ITERATION: 94

Ant 0 route: [0, 7, 10, 8, 9, 1, 13, 2, 3, 5, 11, 6, 12, 4, 0]
Distance: 4049

Ant 1 route: [0, 7, 10, 8, 9, 1, 13, 2, 3, 5, 11, 6, 12, 4, 0]
Distance: 4049

Ant 2 route: [0, 7, 10, 8, 9, 1, 13, 2, 3, 5, 11, 6, 12, 4, 0]
Distance: 4049

Ant 3 route: [0, 7, 10, 8, 9, 1, 13, 2, 3, 5, 11, 6, 12, 4, 0]
Distance: 4049

Ant 4 route: [0, 7, 10, 8, 9, 1, 13, 2, 3, 5, 11, 6, 12, 4, 0]
Distance: 4049

Ant 5 route: [0, 7, 10, 8, 9, 1, 13, 2, 3, 5, 11, 6, 12, 4, 0]
Distance: 4049

Ant 6 route: [0, 7, 10, 8, 9, 1, 13, 2, 3, 5, 11, 6, 12, 4, 0]
Distance: 4049

Ant 7 route: [0, 7, 10, 8, 9, 1, 13, 2, 3, 5, 11, 6, 12, 4, 0]
Distance: 4049



ITERATION: 95

Ant 0 route: [0, 7, 10, 8, 9, 1, 13, 2, 3, 5, 11, 6, 12, 4, 0]
Distance: 4049

Ant 1 route: [0, 7, 10, 8, 9, 1, 13, 2, 3, 5, 11, 6, 12, 4, 0]
Distance: 4049

Ant 2 route: [0, 7, 10, 8, 9, 1, 13, 2, 3, 5, 11, 6, 12, 4, 0]
Distance: 4049

Ant 3 route: [0, 7, 10, 8, 9, 1, 13, 2, 3, 5, 11, 6, 12, 4, 0]
Distance: 4049

Ant 4 route: [0, 7, 10, 8, 9, 1, 13, 2, 3, 5, 11, 6, 12, 4, 0]
Distance: 4049

Ant 5 route: [0, 7, 10, 8, 9, 1, 13, 2, 3, 5, 11, 6, 12, 4, 0]
Distance: 4049

Ant 6 route: [0, 7, 10, 8, 9, 1, 13, 2, 3, 5, 11, 6, 12, 4, 0]
Distance: 4049

Ant 7 route: [0, 7, 10, 8, 9, 1, 13, 2, 3, 5, 11, 6, 12, 4, 0]
Distance: 4049



ITERATION: 96

Ant 0 route: [0, 7, 10, 8, 9, 1, 13, 2, 3, 5, 11, 6, 12, 4, 0]
Distance: 4049

Ant 1 route: [0, 7, 10, 8, 9, 1, 13, 2, 3, 5, 11, 6, 12, 4, 0]
Distance: 4049

Ant 2 route: [0, 7, 10, 8, 9, 1, 13, 2, 3, 5, 11, 6, 12, 4, 0]
Distance: 4049

Ant 3 route: [0, 7, 10, 8, 9, 1, 13, 2, 3, 5, 11, 6, 12, 4, 0]
Distance: 4049

Ant 4 route: [0, 7, 10, 8, 9, 1, 13, 2, 3, 5, 11, 6, 12, 4, 0]
Distance: 4049

Ant 5 route: [0, 7, 10, 8, 9, 1, 13, 2, 3, 5, 11, 6, 12, 4, 0]
Distance: 4049

Ant 6 route: [0, 7, 10, 8, 9, 1, 13, 2, 3, 5, 11, 6, 12, 4, 0]
Distance: 4049

Ant 7 route: [0, 7, 10, 8, 9, 1, 13, 2, 3, 5, 11, 6, 12, 4, 0]
Distance: 4049



ITERATION: 97

Ant 0 route: [0, 7, 10, 8, 9, 1, 13, 2, 3, 5, 11, 6, 12, 4, 0]
Distance: 4049

Ant 1 route: [0, 7, 10, 8, 9, 1, 13, 2, 3, 5, 11, 6, 12, 4, 0]
Distance: 4049

Ant 2 route: [0, 7, 10, 8, 9, 1, 13, 2, 3, 5, 11, 6, 12, 4, 0]
Distance: 4049

Ant 3 route: [0, 7, 10, 8, 9, 1, 13, 2, 3, 5, 11, 6, 12, 4, 0]
Distance: 4049

Ant 4 route: [0, 7, 10, 8, 9, 1, 13, 2, 3, 5, 11, 6, 12, 4, 0]
Distance: 4049

Ant 5 route: [0, 7, 10, 8, 9, 1, 13, 2, 3, 5, 11, 6, 12, 4, 0]
Distance: 4049

Ant 6 route: [0, 7, 10, 8, 9, 1, 13, 2, 3, 5, 11, 6, 12, 4, 0]
Distance: 4049

Ant 7 route: [0, 7, 10, 8, 9, 1, 13, 2, 3, 5, 11, 6, 12, 4, 0]
Distance: 4049



ITERATION: 98

Ant 0 route: [0, 7, 10, 8, 9, 1, 13, 2, 3, 5, 11, 6, 12, 4, 0]
Distance: 4049

Ant 1 route: [0, 7, 10, 8, 9, 1, 13, 2, 3, 5, 11, 6, 12, 4, 0]
Distance: 4049

Ant 2 route: [0, 7, 10, 8, 9, 1, 13, 2, 3, 5, 11, 6, 12, 4, 0]
Distance: 4049

Ant 3 route: [0, 7, 10, 8, 9, 1, 13, 2, 3, 5, 11, 6, 12, 4, 0]
Distance: 4049

Ant 4 route: [0, 7, 10, 8, 9, 1, 13, 2, 3, 5, 11, 6, 12, 4, 0]
Distance: 4049

Ant 5 route: [0, 7, 10, 8, 9, 1, 13, 2, 3, 5, 11, 6, 12, 4, 0]
Distance: 4049

Ant 6 route: [0, 7, 10, 8, 9, 1, 13, 2, 3, 5, 11, 6, 12, 4, 0]
Distance: 4049

Ant 7 route: [0, 7, 10, 8, 9, 1, 13, 2, 3, 5, 11, 6, 12, 4, 0]
Distance: 4049



ITERATION: 99

Ant 0 route: [0, 7, 10, 8, 9, 1, 13, 2, 3, 5, 11, 6, 12, 4, 0]
Distance: 4049

Ant 1 route: [0, 7, 10, 8, 9, 1, 13, 2, 3, 5, 11, 6, 12, 4, 0]
Distance: 4049

Ant 2 route: [0, 7, 10, 8, 9, 1, 13, 2, 3, 5, 11, 6, 12, 4, 0]
Distance: 4049

Ant 3 route: [0, 7, 10, 8, 9, 1, 13, 2, 3, 5, 11, 6, 12, 4, 0]
Distance: 4049

Ant 4 route: [0, 7, 10, 8, 9, 1, 13, 2, 3, 5, 11, 6, 12, 4, 0]
Distance: 4049

Ant 5 route: [0, 7, 10, 8, 9, 1, 13, 2, 3, 5, 11, 6, 12, 4, 0]
Distance: 4049

Ant 6 route: [0, 7, 10, 8, 9, 1, 13, 2, 3, 5, 11, 6, 12, 4, 0]
Distance: 4049

Ant 7 route: [0, 7, 10, 8, 9, 1, 13, 2, 3, 5, 11, 6, 12, 4, 0]
Distance: 4049



Duration is: 0.7262265682220459 seconds.
Ant 0 best iteration: 30
Best route: [0, 7, 10, 8, 9, 1, 13, 11, 5, 6, 12, 4, 3, 2, 0]
Best distance: 3834

Ant 1 best iteration: 23
Best route: [0, 7, 10, 8, 9, 13, 11, 5, 6, 12, 4, 3, 2, 1, 0]
Best distance: 3805

Ant 2 best iteration: 29
Best route: [0, 7, 10, 8, 9, 1, 13, 11, 5, 6, 12, 4, 3, 2, 0]
Best distance: 3834

Ant 3 best iteration: 27
Best route: [0, 7, 10, 8, 9, 1, 13, 11, 5, 6, 12, 4, 3, 2, 0]
Best distance: 3834

Ant 4 best iteration: 17
Best route: [0, 7, 10, 8, 9, 1, 2, 13, 12, 6, 5, 11, 4, 3, 0]
Best distance: 3807

Ant 5 best iteration: 30
Best route: [0, 7, 10, 8, 9, 1, 13, 11, 5, 6, 12, 4, 3, 2, 0]
Best distance: 3834

Ant 6 best iteration: 26
Best route: [0, 7, 10, 8, 9, 1, 13, 11, 5, 6, 12, 4, 3, 2, 0]
Best distance: 3834

Ant 7 best iteration: 23
Best route: [0, 7, 10, 8, 9, 1, 13, 4, 3, 2, 11, 5, 6, 12, 0]
Best distance: 3820

