ITERATION: 0

Ant 0 route: [0, 7, 1, 13, 5, 11, 12, 6, 10, 8, 9, 4, 3, 2, 0]
Distance: 4609

Ant 1 route: [0, 7, 3, 5, 11, 13, 1, 6, 12, 10, 8, 9, 2, 4, 0]
Distance: 5470

Ant 2 route: [0, 7, 10, 8, 1, 9, 11, 5, 4, 2, 12, 6, 3, 13, 0]
Distance: 4794

Ant 3 route: [0, 7, 1, 12, 6, 2, 3, 13, 11, 5, 4, 8, 10, 9, 0]
Distance: 4207



ITERATION: 1

Ant 0 route: [0, 1, 3, 2, 5, 11, 6, 4, 12, 7, 8, 10, 9, 13, 0]
Distance: 4774

Ant 1 route: [0, 7, 8, 10, 13, 3, 11, 5, 6, 12, 4, 1, 2, 9, 0]
Distance: 4917

Ant 2 route: [0, 7, 1, 5, 11, 13, 3, 6, 4, 9, 8, 10, 2, 12, 0]
Distance: 5334

Ant 3 route: [0, 7, 8, 10, 12, 1, 9, 13, 6, 11, 5, 2, 4, 3, 0]
Distance: 4984



ITERATION: 2

Ant 0 route: [0, 9, 8, 10, 6, 11, 5, 4, 12, 7, 13, 3, 2, 1, 0]
Distance: 4149

Ant 1 route: [0, 7, 10, 8, 12, 13, 11, 5, 3, 6, 9, 4, 2, 1, 0]
Distance: 5103

Ant 2 route: [0, 7, 10, 8, 9, 1, 12, 2, 13, 5, 11, 6, 4, 3, 0]
Distance: 4216

Ant 3 route: [0, 7, 11, 5, 2, 4, 3, 6, 12, 8, 10, 1, 9, 13, 0]
Distance: 5105



ITERATION: 3

Ant 0 route: [0, 7, 12, 6, 5, 11, 4, 13, 10, 8, 9, 1, 2, 3, 0]
Distance: 4387

Ant 1 route: [0, 10, 8, 2, 1, 7, 12, 6, 13, 5, 11, 3, 4, 9, 0]
Distance: 4734

Ant 2 route: [0, 7, 10, 8, 9, 12, 2, 13, 11, 6, 5, 1, 4, 3, 0]
Distance: 5165

Ant 3 route: [0, 8, 7, 10, 13, 3, 5, 11, 6, 12, 4, 1, 9, 2, 0]
Distance: 5293



ITERATION: 4

Ant 0 route: [0, 9, 13, 5, 11, 7, 1, 10, 8, 12, 2, 3, 6, 4, 0]
Distance: 5441

Ant 1 route: [0, 10, 8, 7, 2, 5, 11, 13, 3, 12, 6, 4, 9, 1, 0]
Distance: 4815

Ant 2 route: [0, 7, 10, 8, 9, 6, 12, 5, 11, 13, 2, 3, 4, 1, 0]
Distance: 4068

Ant 3 route: [0, 8, 10, 9, 7, 1, 13, 6, 12, 11, 5, 3, 2, 4, 0]
Distance: 4414



ITERATION: 5

Ant 0 route: [0, 7, 8, 10, 12, 6, 5, 11, 2, 13, 9, 1, 3, 4, 0]
Distance: 4839

Ant 1 route: [0, 7, 8, 10, 6, 13, 5, 11, 12, 4, 3, 9, 2, 1, 0]
Distance: 5122

Ant 2 route: [0, 7, 1, 9, 12, 6, 5, 11, 3, 13, 8, 10, 2, 4, 0]
Distance: 5128

Ant 3 route: [0, 8, 10, 7, 1, 9, 2, 13, 5, 11, 6, 12, 3, 4, 0]
Distance: 4604



ITERATION: 6

Ant 0 route: [0, 7, 9, 10, 8, 4, 11, 5, 6, 12, 3, 13, 2, 1, 0]
Distance: 4151

Ant 1 route: [0, 7, 10, 8, 12, 6, 13, 3, 2, 1, 5, 11, 4, 9, 0]
Distance: 4649

Ant 2 route: [0, 1, 10, 8, 7, 6, 11, 5, 12, 3, 13, 2, 4, 9, 0]
Distance: 4912

Ant 3 route: [0, 7, 5, 11, 6, 12, 8, 10, 2, 3, 13, 1, 9, 4, 0]
Distance: 5598



ITERATION: 7

Ant 0 route: [0, 7, 9, 8, 10, 4, 6, 12, 11, 5, 13, 1, 2, 3, 0]
Distance: 4706

Ant 1 route: [0, 1, 7, 10, 8, 5, 11, 6, 12, 4, 2, 3, 13, 9, 0]
Distance: 4577

Ant 2 route: [0, 7, 8, 10, 2, 13, 11, 5, 6, 12, 4, 3, 9, 1, 0]
Distance: 4456

Ant 3 route: [0, 7, 8, 5, 11, 6, 1, 3, 9, 13, 2, 12, 4, 10, 0]
Distance: 6447



ITERATION: 8

Ant 0 route: [0, 7, 1, 3, 13, 11, 5, 10, 8, 2, 6, 12, 9, 4, 0]
Distance: 6183

Ant 1 route: [0, 7, 11, 5, 3, 6, 12, 13, 1, 10, 8, 9, 2, 4, 0]
Distance: 5238

Ant 2 route: [0, 8, 10, 13, 3, 4, 5, 11, 6, 12, 9, 1, 2, 7, 0]
Distance: 4269

Ant 3 route: [0, 8, 10, 7, 2, 6, 5, 11, 3, 13, 12, 1, 9, 4, 0]
Distance: 5390



ITERATION: 9

Ant 0 route: [0, 7, 10, 8, 12, 5, 11, 1, 2, 13, 6, 9, 3, 4, 0]
Distance: 5637

Ant 1 route: [0, 8, 10, 1, 12, 6, 5, 11, 3, 13, 2, 7, 9, 4, 0]
Distance: 5145

Ant 2 route: [0, 8, 10, 9, 6, 5, 13, 11, 2, 3, 7, 1, 12, 4, 0]
Distance: 5448

Ant 3 route: [0, 8, 10, 7, 1, 13, 3, 4, 11, 5, 12, 9, 6, 2, 0]
Distance: 4768



ITERATION: 10

Ant 0 route: [0, 7, 12, 8, 10, 5, 11, 6, 1, 3, 13, 2, 4, 9, 0]
Distance: 5588

Ant 1 route: [0, 7, 8, 10, 1, 6, 5, 11, 4, 9, 13, 2, 12, 3, 0]
Distance: 5582

Ant 2 route: [0, 1, 8, 10, 7, 5, 11, 12, 6, 3, 2, 9, 13, 4, 0]
Distance: 5522

Ant 3 route: [0, 1, 9, 8, 7, 10, 12, 6, 13, 5, 11, 3, 2, 4, 0]
Distance: 4382



ITERATION: 11

Ant 0 route: [0, 1, 7, 13, 12, 6, 11, 5, 3, 4, 2, 8, 10, 9, 0]
Distance: 4136

Ant 1 route: [0, 1, 7, 10, 8, 13, 11, 5, 2, 3, 6, 12, 4, 9, 0]
Distance: 4745

Ant 2 route: [0, 10, 8, 9, 1, 7, 6, 11, 5, 13, 3, 2, 12, 4, 0]
Distance: 4617

Ant 3 route: [0, 1, 7, 3, 5, 11, 6, 12, 4, 2, 13, 10, 8, 9, 0]
Distance: 4330



ITERATION: 12

Ant 0 route: [0, 7, 10, 8, 11, 5, 13, 1, 9, 12, 6, 4, 3, 2, 0]
Distance: 4543

Ant 1 route: [0, 7, 10, 12, 2, 1, 5, 11, 9, 8, 6, 3, 13, 4, 0]
Distance: 5990

Ant 2 route: [0, 7, 8, 10, 1, 2, 11, 5, 13, 12, 6, 9, 3, 4, 0]
Distance: 5286

Ant 3 route: [0, 7, 2, 9, 10, 8, 12, 6, 5, 11, 3, 13, 4, 1, 0]
Distance: 4826



ITERATION: 13

Ant 0 route: [0, 7, 1, 13, 5, 11, 10, 8, 9, 12, 6, 3, 4, 2, 0]
Distance: 4714

Ant 1 route: [0, 7, 10, 6, 12, 4, 2, 5, 11, 3, 13, 8, 1, 9, 0]
Distance: 4783

Ant 2 route: [0, 1, 7, 10, 8, 4, 11, 5, 6, 12, 3, 2, 13, 9, 0]
Distance: 4377

Ant 3 route: [0, 7, 12, 9, 1, 6, 2, 10, 8, 13, 5, 11, 3, 4, 0]
Distance: 5532



ITERATION: 14

Ant 0 route: [0, 7, 12, 6, 11, 5, 3, 2, 13, 1, 10, 8, 9, 4, 0]
Distance: 4646

Ant 1 route: [0, 10, 8, 5, 6, 12, 11, 3, 13, 7, 1, 9, 2, 4, 0]
Distance: 5591

Ant 2 route: [0, 8, 5, 11, 13, 4, 6, 3, 9, 1, 7, 10, 12, 2, 0]
Distance: 5753

Ant 3 route: [0, 3, 13, 5, 11, 4, 6, 12, 2, 1, 7, 8, 10, 9, 0]
Distance: 4291



ITERATION: 15

Ant 0 route: [0, 10, 8, 7, 11, 5, 13, 6, 12, 1, 9, 4, 3, 2, 0]
Distance: 4923

Ant 1 route: [0, 7, 9, 10, 8, 3, 6, 12, 13, 5, 11, 4, 2, 1, 0]
Distance: 4417

Ant 2 route: [0, 7, 8, 10, 1, 13, 5, 11, 6, 2, 4, 3, 12, 9, 0]
Distance: 4550

Ant 3 route: [0, 10, 8, 6, 9, 2, 3, 11, 5, 13, 12, 7, 1, 4, 0]
Distance: 5805



ITERATION: 16

Ant 0 route: [0, 8, 10, 7, 1, 2, 13, 12, 6, 3, 11, 5, 4, 9, 0]
Distance: 4258

Ant 1 route: [0, 8, 10, 9, 13, 3, 12, 11, 5, 6, 7, 1, 2, 4, 0]
Distance: 5271

Ant 2 route: [0, 7, 1, 8, 10, 4, 5, 11, 6, 12, 13, 2, 3, 9, 0]
Distance: 4463

Ant 3 route: [0, 7, 10, 8, 6, 12, 1, 3, 5, 11, 13, 2, 9, 4, 0]
Distance: 5756



ITERATION: 17

Ant 0 route: [0, 7, 10, 8, 1, 2, 5, 11, 6, 12, 13, 3, 4, 9, 0]
Distance: 4356

Ant 1 route: [0, 7, 6, 10, 8, 9, 1, 5, 11, 13, 2, 3, 12, 4, 0]
Distance: 5134

Ant 2 route: [0, 6, 12, 8, 10, 1, 7, 3, 2, 11, 5, 4, 13, 9, 0]
Distance: 5002

Ant 3 route: [0, 7, 1, 12, 6, 8, 10, 5, 11, 4, 2, 3, 13, 9, 0]
Distance: 4839



ITERATION: 18

Ant 0 route: [0, 9, 8, 7, 1, 12, 6, 11, 5, 13, 3, 10, 2, 4, 0]
Distance: 5367

Ant 1 route: [0, 10, 8, 9, 6, 11, 5, 13, 2, 3, 1, 7, 12, 4, 0]
Distance: 4889

Ant 2 route: [0, 1, 3, 2, 5, 11, 6, 13, 12, 10, 8, 9, 7, 4, 0]
Distance: 5065

Ant 3 route: [0, 10, 8, 1, 7, 12, 13, 6, 5, 11, 3, 4, 2, 9, 0]
Distance: 4393



ITERATION: 19

Ant 0 route: [0, 7, 6, 11, 5, 13, 2, 12, 3, 1, 8, 10, 9, 4, 0]
Distance: 5608

Ant 1 route: [0, 1, 8, 10, 9, 12, 11, 5, 4, 13, 2, 3, 6, 7, 0]
Distance: 4157

Ant 2 route: [0, 7, 10, 8, 1, 13, 11, 12, 6, 3, 5, 4, 2, 9, 0]
Distance: 4624

Ant 3 route: [0, 7, 8, 10, 9, 4, 5, 11, 6, 12, 13, 2, 1, 3, 0]
Distance: 4802



ITERATION: 20

Ant 0 route: [0, 7, 10, 8, 6, 5, 11, 3, 2, 12, 1, 9, 13, 4, 0]
Distance: 5177

Ant 1 route: [0, 7, 10, 8, 1, 12, 13, 11, 5, 3, 4, 6, 2, 9, 0]
Distance: 4420

Ant 2 route: [0, 10, 8, 2, 1, 13, 11, 5, 6, 7, 9, 12, 3, 4, 0]
Distance: 5435

Ant 3 route: [0, 8, 10, 7, 12, 6, 1, 3, 11, 5, 4, 2, 13, 9, 0]
Distance: 4670



ITERATION: 21

Ant 0 route: [0, 7, 11, 5, 2, 3, 13, 12, 6, 10, 8, 9, 1, 4, 0]
Distance: 5157

Ant 1 route: [0, 7, 10, 8, 9, 6, 5, 11, 3, 13, 12, 4, 2, 1, 0]
Distance: 4236

Ant 2 route: [0, 7, 10, 8, 12, 6, 13, 1, 11, 5, 3, 9, 2, 4, 0]
Distance: 5861

Ant 3 route: [0, 7, 10, 8, 1, 11, 5, 3, 6, 12, 13, 9, 4, 2, 0]
Distance: 5479



ITERATION: 22

Ant 0 route: [0, 7, 10, 8, 12, 6, 13, 3, 5, 11, 1, 2, 9, 4, 0]
Distance: 5664

Ant 1 route: [0, 7, 10, 8, 9, 6, 5, 11, 2, 13, 12, 1, 4, 3, 0]
Distance: 4909

Ant 2 route: [0, 7, 1, 8, 10, 13, 5, 11, 12, 6, 3, 2, 9, 4, 0]
Distance: 5548

Ant 3 route: [0, 7, 12, 10, 8, 3, 2, 11, 5, 6, 13, 1, 9, 4, 0]
Distance: 5669



ITERATION: 23

Ant 0 route: [0, 10, 8, 9, 2, 5, 11, 4, 6, 12, 13, 7, 3, 1, 0]
Distance: 4904

Ant 1 route: [0, 8, 10, 7, 12, 6, 5, 11, 4, 2, 13, 3, 1, 9, 0]
Distance: 4118

Ant 2 route: [0, 7, 10, 8, 9, 1, 11, 5, 13, 6, 12, 4, 2, 3, 0]
Distance: 4570

Ant 3 route: [0, 11, 5, 7, 10, 8, 9, 1, 12, 6, 13, 2, 3, 4, 0]
Distance: 4769



ITERATION: 24

Ant 0 route: [0, 7, 10, 8, 9, 1, 4, 2, 11, 5, 3, 13, 12, 6, 0]
Distance: 4536

Ant 1 route: [0, 10, 7, 13, 12, 5, 11, 6, 3, 2, 1, 4, 8, 9, 0]
Distance: 5114

Ant 2 route: [0, 7, 10, 8, 9, 4, 12, 11, 5, 2, 13, 6, 3, 1, 0]
Distance: 4772

Ant 3 route: [0, 7, 1, 13, 11, 5, 3, 4, 6, 12, 10, 8, 9, 2, 0]
Distance: 4301



ITERATION: 25

Ant 0 route: [0, 7, 1, 13, 11, 5, 8, 10, 4, 2, 9, 12, 3, 6, 0]
Distance: 6128

Ant 1 route: [0, 7, 9, 6, 12, 13, 3, 2, 8, 10, 1, 11, 5, 4, 0]
Distance: 5167

Ant 2 route: [0, 10, 8, 7, 1, 4, 11, 5, 2, 3, 13, 6, 12, 9, 0]
Distance: 4335

Ant 3 route: [0, 7, 10, 8, 9, 1, 2, 13, 6, 12, 11, 5, 3, 4, 0]
Distance: 4006



ITERATION: 26

Ant 0 route: [0, 7, 10, 8, 13, 6, 11, 5, 3, 2, 4, 12, 1, 9, 0]
Distance: 4359

Ant 1 route: [0, 7, 8, 10, 6, 12, 4, 5, 11, 13, 3, 2, 9, 1, 0]
Distance: 4216

Ant 2 route: [0, 7, 10, 8, 9, 1, 2, 3, 13, 12, 11, 5, 6, 4, 0]
Distance: 4211

Ant 3 route: [0, 7, 10, 8, 9, 13, 12, 5, 11, 6, 3, 2, 1, 4, 0]
Distance: 5080



ITERATION: 27

Ant 0 route: [0, 7, 10, 8, 9, 3, 13, 6, 12, 11, 5, 2, 1, 4, 0]
Distance: 5327

Ant 1 route: [0, 7, 10, 8, 3, 4, 12, 6, 5, 11, 13, 2, 1, 9, 0]
Distance: 4192

Ant 2 route: [0, 7, 12, 6, 5, 11, 3, 2, 13, 8, 10, 1, 9, 4, 0]
Distance: 4970

Ant 3 route: [0, 7, 10, 8, 9, 1, 3, 11, 5, 12, 6, 13, 2, 4, 0]
Distance: 4504



ITERATION: 28

Ant 0 route: [0, 7, 10, 8, 9, 11, 5, 6, 13, 12, 3, 2, 4, 1, 0]
Distance: 4768

Ant 1 route: [0, 7, 1, 3, 2, 13, 11, 5, 6, 12, 4, 10, 8, 9, 0]
Distance: 4236

Ant 2 route: [0, 7, 12, 6, 5, 11, 13, 9, 8, 10, 1, 4, 3, 2, 0]
Distance: 4552

Ant 3 route: [0, 7, 10, 8, 1, 6, 12, 5, 11, 13, 2, 3, 4, 9, 0]
Distance: 4336



ITERATION: 29

Ant 0 route: [0, 7, 10, 8, 9, 4, 1, 5, 11, 6, 12, 13, 2, 3, 0]
Distance: 5137

Ant 1 route: [0, 7, 12, 3, 11, 5, 2, 13, 6, 1, 9, 8, 10, 4, 0]
Distance: 5171

Ant 2 route: [0, 7, 10, 8, 13, 2, 6, 12, 1, 11, 5, 3, 4, 9, 0]
Distance: 4922

Ant 3 route: [0, 7, 8, 10, 12, 6, 11, 5, 2, 4, 3, 13, 1, 9, 0]
Distance: 4050



ITERATION: 30

Ant 0 route: [0, 7, 1, 11, 5, 3, 2, 13, 6, 12, 10, 8, 9, 4, 0]
Distance: 4849

Ant 1 route: [0, 7, 10, 8, 9, 4, 12, 6, 5, 11, 13, 3, 2, 1, 0]
Distance: 4124

Ant 2 route: [0, 7, 1, 5, 11, 6, 12, 9, 8, 10, 2, 13, 3, 4, 0]
Distance: 4719

Ant 3 route: [0, 7, 10, 8, 9, 12, 11, 5, 6, 3, 13, 1, 4, 2, 0]
Distance: 4964



ITERATION: 31

Ant 0 route: [0, 7, 10, 8, 12, 5, 11, 6, 3, 2, 13, 4, 1, 9, 0]
Distance: 4464

Ant 1 route: [0, 7, 8, 9, 6, 5, 11, 13, 1, 2, 3, 4, 10, 12, 0]
Distance: 4847

Ant 2 route: [0, 7, 1, 13, 2, 11, 5, 6, 12, 4, 3, 10, 8, 9, 0]
Distance: 4124

Ant 3 route: [0, 7, 10, 8, 9, 1, 11, 5, 13, 2, 3, 4, 12, 6, 0]
Distance: 4045



ITERATION: 32

Ant 0 route: [0, 7, 10, 8, 9, 1, 13, 12, 6, 11, 5, 3, 2, 4, 0]
Distance: 4194

Ant 1 route: [0, 7, 8, 10, 1, 13, 11, 5, 3, 2, 6, 12, 9, 4, 0]
Distance: 5168

Ant 2 route: [0, 7, 10, 8, 9, 6, 5, 11, 13, 3, 2, 1, 4, 12, 0]
Distance: 4682

Ant 3 route: [0, 7, 10, 8, 9, 13, 2, 1, 6, 11, 5, 3, 4, 12, 0]
Distance: 4338



ITERATION: 33

Ant 0 route: [0, 7, 10, 8, 12, 13, 1, 9, 6, 5, 11, 3, 2, 4, 0]
Distance: 4908

Ant 1 route: [0, 7, 10, 8, 9, 1, 6, 12, 2, 13, 3, 5, 11, 4, 0]
Distance: 4276

Ant 2 route: [0, 7, 10, 8, 9, 1, 11, 5, 2, 4, 3, 12, 6, 13, 0]
Distance: 4479

Ant 3 route: [0, 7, 10, 8, 1, 9, 4, 5, 11, 6, 12, 13, 2, 3, 0]
Distance: 4456



ITERATION: 34

Ant 0 route: [0, 7, 10, 8, 9, 1, 2, 13, 6, 12, 5, 11, 3, 4, 0]
Distance: 4009

Ant 1 route: [0, 7, 10, 8, 9, 1, 11, 5, 6, 12, 13, 3, 2, 4, 0]
Distance: 4449

Ant 2 route: [0, 7, 10, 8, 9, 13, 1, 6, 12, 2, 3, 5, 11, 4, 0]
Distance: 4702

Ant 3 route: [0, 1, 4, 12, 6, 5, 11, 3, 2, 13, 9, 8, 10, 7, 0]
Distance: 4138



ITERATION: 35

Ant 0 route: [0, 7, 10, 8, 9, 1, 13, 6, 12, 5, 11, 3, 4, 2, 0]
Distance: 4040

Ant 1 route: [0, 7, 10, 8, 9, 1, 13, 12, 6, 3, 4, 5, 11, 2, 0]
Distance: 3952

Ant 2 route: [0, 7, 10, 8, 12, 6, 11, 5, 3, 2, 13, 9, 1, 4, 0]
Distance: 4878

Ant 3 route: [0, 7, 10, 8, 9, 1, 11, 5, 6, 12, 13, 2, 3, 4, 0]
Distance: 4097



ITERATION: 36

Ant 0 route: [0, 7, 10, 8, 9, 13, 2, 3, 4, 12, 6, 5, 11, 1, 0]
Distance: 3954

Ant 1 route: [0, 7, 6, 12, 11, 5, 3, 2, 13, 1, 9, 8, 10, 4, 0]
Distance: 4729

Ant 2 route: [0, 7, 10, 8, 1, 13, 6, 12, 11, 5, 3, 2, 4, 9, 0]
Distance: 4514

Ant 3 route: [0, 7, 10, 8, 9, 6, 5, 11, 3, 4, 12, 1, 13, 2, 0]
Distance: 4365



ITERATION: 37

Ant 0 route: [0, 7, 10, 8, 9, 13, 6, 12, 11, 5, 3, 2, 4, 1, 0]
Distance: 4381

Ant 1 route: [0, 7, 10, 8, 9, 1, 13, 6, 12, 4, 5, 11, 3, 2, 0]
Distance: 3845

Ant 2 route: [0, 7, 10, 8, 12, 13, 2, 3, 4, 5, 11, 6, 1, 9, 0]
Distance: 3782

Ant 3 route: [0, 7, 10, 8, 9, 13, 12, 6, 11, 5, 3, 2, 1, 4, 0]
Distance: 4775



ITERATION: 38

Ant 0 route: [0, 7, 10, 8, 9, 13, 6, 12, 11, 5, 3, 2, 1, 4, 0]
Distance: 4872

Ant 1 route: [0, 7, 10, 8, 9, 1, 3, 5, 11, 13, 12, 6, 4, 2, 0]
Distance: 4309

Ant 2 route: [0, 7, 10, 8, 12, 5, 11, 4, 2, 13, 6, 3, 1, 9, 0]
Distance: 4437

Ant 3 route: [0, 7, 10, 8, 9, 1, 13, 12, 6, 11, 5, 3, 2, 4, 0]
Distance: 4194



ITERATION: 39

Ant 0 route: [0, 7, 10, 8, 9, 1, 13, 3, 2, 4, 5, 11, 6, 12, 0]
Distance: 3768

Ant 1 route: [0, 7, 10, 8, 9, 4, 5, 11, 3, 2, 13, 1, 6, 12, 0]
Distance: 4310

Ant 2 route: [0, 7, 10, 8, 9, 1, 13, 6, 12, 11, 5, 3, 4, 2, 0]
Distance: 4037

Ant 3 route: [0, 7, 10, 8, 9, 1, 4, 5, 11, 6, 12, 13, 3, 2, 0]
Distance: 4060



ITERATION: 40

Ant 0 route: [0, 7, 10, 8, 9, 1, 13, 2, 3, 5, 11, 6, 12, 4, 0]
Distance: 4049

Ant 1 route: [0, 7, 10, 8, 9, 1, 13, 6, 12, 5, 11, 3, 4, 2, 0]
Distance: 4040

Ant 2 route: [0, 7, 10, 8, 9, 1, 6, 12, 13, 2, 3, 5, 11, 4, 0]
Distance: 4047

Ant 3 route: [0, 7, 10, 8, 9, 1, 5, 11, 6, 12, 13, 3, 2, 4, 0]
Distance: 4461



ITERATION: 41

Ant 0 route: [0, 7, 10, 8, 9, 1, 13, 3, 2, 11, 5, 6, 12, 4, 0]
Distance: 4262

Ant 1 route: [0, 7, 10, 8, 9, 1, 13, 6, 12, 5, 11, 3, 2, 4, 0]
Distance: 4294

Ant 2 route: [0, 7, 10, 8, 9, 1, 6, 12, 13, 2, 3, 5, 11, 4, 0]
Distance: 4047

Ant 3 route: [0, 7, 10, 8, 9, 1, 6, 12, 11, 5, 3, 2, 13, 4, 0]
Distance: 4293



ITERATION: 42

Ant 0 route: [0, 7, 10, 8, 9, 1, 13, 2, 3, 5, 11, 6, 12, 4, 0]
Distance: 4049

Ant 1 route: [0, 7, 10, 8, 9, 1, 13, 12, 6, 11, 5, 3, 2, 4, 0]
Distance: 4194

Ant 2 route: [0, 7, 10, 8, 9, 1, 13, 3, 2, 11, 5, 6, 12, 4, 0]
Distance: 4262

Ant 3 route: [0, 7, 10, 8, 9, 1, 13, 12, 11, 5, 6, 4, 2, 3, 0]
Distance: 4339



ITERATION: 43

Ant 0 route: [0, 7, 10, 8, 9, 1, 13, 3, 2, 11, 5, 6, 12, 4, 0]
Distance: 4262

Ant 1 route: [0, 7, 10, 8, 9, 1, 6, 13, 3, 5, 11, 4, 2, 12, 0]
Distance: 4293

Ant 2 route: [0, 7, 10, 8, 9, 1, 13, 2, 11, 5, 6, 12, 4, 3, 0]
Distance: 4105

Ant 3 route: [0, 7, 10, 8, 9, 1, 13, 12, 6, 11, 5, 3, 2, 4, 0]
Distance: 4194



ITERATION: 44

Ant 0 route: [0, 7, 10, 8, 9, 13, 2, 3, 5, 11, 6, 12, 4, 1, 0]
Distance: 4139

Ant 1 route: [0, 7, 10, 8, 9, 1, 6, 12, 5, 11, 3, 2, 13, 4, 0]
Distance: 4296

Ant 2 route: [0, 7, 10, 8, 9, 1, 13, 3, 2, 4, 5, 11, 6, 12, 0]
Distance: 3768

Ant 3 route: [0, 7, 10, 8, 9, 1, 6, 12, 13, 2, 3, 5, 11, 4, 0]
Distance: 4047



ITERATION: 45

Ant 0 route: [0, 7, 10, 8, 9, 1, 13, 2, 3, 4, 5, 11, 6, 12, 0]
Distance: 3416

Ant 1 route: [0, 7, 10, 8, 9, 1, 13, 2, 3, 5, 11, 6, 12, 4, 0]
Distance: 4049

Ant 2 route: [0, 7, 10, 8, 9, 1, 6, 11, 5, 3, 2, 13, 12, 4, 0]
Distance: 4303

Ant 3 route: [0, 7, 10, 8, 9, 1, 13, 12, 11, 5, 6, 4, 2, 3, 0]
Distance: 4339



ITERATION: 46

Ant 0 route: [0, 7, 10, 8, 9, 1, 6, 12, 13, 3, 5, 11, 2, 4, 0]
Distance: 4557

Ant 1 route: [0, 7, 10, 8, 9, 1, 13, 12, 6, 4, 5, 11, 3, 2, 0]
Distance: 3739

Ant 2 route: [0, 7, 10, 8, 9, 1, 13, 2, 3, 5, 11, 6, 12, 4, 0]
Distance: 4049

Ant 3 route: [0, 7, 10, 8, 9, 13, 12, 11, 5, 6, 4, 2, 3, 1, 0]
Distance: 4356



ITERATION: 47

Ant 0 route: [0, 7, 10, 8, 9, 1, 13, 12, 6, 4, 3, 2, 11, 5, 0]
Distance: 4016

Ant 1 route: [0, 7, 10, 8, 9, 6, 12, 13, 3, 2, 1, 11, 5, 4, 0]
Distance: 4637

Ant 2 route: [0, 7, 10, 8, 9, 1, 13, 2, 3, 5, 6, 12, 4, 11, 0]
Distance: 4054

Ant 3 route: [0, 7, 10, 8, 9, 1, 13, 2, 3, 5, 11, 6, 12, 4, 0]
Distance: 4049



ITERATION: 48

Ant 0 route: [0, 7, 10, 8, 9, 1, 13, 2, 11, 5, 3, 4, 12, 6, 0]
Distance: 3951

Ant 1 route: [0, 7, 10, 8, 9, 1, 13, 12, 11, 5, 6, 4, 2, 3, 0]
Distance: 4339

Ant 2 route: [0, 7, 10, 8, 9, 1, 13, 2, 3, 5, 11, 6, 12, 4, 0]
Distance: 4049

Ant 3 route: [0, 7, 10, 8, 9, 13, 2, 3, 5, 11, 6, 12, 4, 1, 0]
Distance: 4139



ITERATION: 49

Ant 0 route: [0, 7, 10, 8, 9, 6, 12, 11, 5, 3, 2, 13, 4, 1, 0]
Distance: 4248

Ant 1 route: [0, 7, 10, 8, 9, 1, 13, 2, 3, 5, 11, 6, 12, 4, 0]
Distance: 4049

Ant 2 route: [0, 7, 10, 8, 9, 1, 13, 12, 11, 5, 3, 2, 4, 6, 0]
Distance: 4185

Ant 3 route: [0, 7, 10, 8, 9, 1, 13, 12, 11, 5, 6, 4, 3, 2, 0]
Distance: 3890



ITERATION: 50

Ant 0 route: [0, 7, 10, 8, 9, 1, 13, 2, 11, 5, 4, 3, 12, 6, 0]
Distance: 3950

Ant 1 route: [0, 7, 10, 8, 9, 1, 13, 12, 11, 5, 6, 4, 2, 3, 0]
Distance: 4339

Ant 2 route: [0, 7, 10, 8, 9, 1, 13, 12, 6, 4, 5, 3, 2, 11, 0]
Distance: 4157

Ant 3 route: [0, 7, 10, 8, 9, 1, 13, 12, 6, 11, 5, 3, 2, 4, 0]
Distance: 4194



ITERATION: 51

Ant 0 route: [0, 7, 10, 8, 9, 1, 13, 12, 11, 5, 6, 4, 3, 2, 0]
Distance: 3890

Ant 1 route: [0, 7, 10, 8, 9, 1, 13, 2, 3, 5, 11, 6, 12, 4, 0]
Distance: 4049

Ant 2 route: [0, 7, 10, 8, 9, 1, 13, 2, 3, 5, 11, 6, 12, 4, 0]
Distance: 4049

Ant 3 route: [0, 7, 10, 8, 9, 1, 13, 12, 6, 11, 5, 3, 2, 4, 0]
Distance: 4194



ITERATION: 52

Ant 0 route: [0, 7, 10, 8, 9, 1, 13, 3, 5, 11, 6, 12, 4, 2, 0]
Distance: 4147

Ant 1 route: [0, 7, 10, 8, 9, 1, 13, 12, 6, 11, 5, 3, 2, 4, 0]
Distance: 4194

Ant 2 route: [0, 7, 10, 8, 9, 1, 13, 12, 6, 11, 5, 3, 2, 4, 0]
Distance: 4194

Ant 3 route: [0, 7, 10, 8, 9, 1, 13, 12, 6, 11, 5, 3, 2, 4, 0]
Distance: 4194



ITERATION: 53

Ant 0 route: [0, 7, 10, 8, 9, 1, 13, 2, 3, 4, 5, 11, 6, 12, 0]
Distance: 3416

Ant 1 route: [0, 7, 10, 8, 9, 1, 13, 12, 6, 11, 5, 3, 2, 4, 0]
Distance: 4194

Ant 2 route: [0, 7, 10, 8, 9, 1, 13, 2, 11, 5, 3, 12, 6, 4, 0]
Distance: 4349

Ant 3 route: [0, 7, 10, 8, 9, 1, 13, 12, 6, 11, 5, 3, 2, 4, 0]
Distance: 4194



ITERATION: 54

Ant 0 route: [0, 7, 10, 8, 9, 1, 13, 2, 4, 5, 11, 6, 12, 3, 0]
Distance: 4243

Ant 1 route: [0, 7, 10, 8, 9, 1, 13, 2, 3, 5, 11, 6, 12, 4, 0]
Distance: 4049

Ant 2 route: [0, 7, 10, 8, 9, 1, 13, 2, 4, 5, 11, 6, 12, 3, 0]
Distance: 4243

Ant 3 route: [0, 7, 10, 8, 9, 1, 13, 12, 6, 11, 5, 3, 2, 4, 0]
Distance: 4194



ITERATION: 55

Ant 0 route: [0, 7, 10, 8, 9, 1, 13, 2, 3, 5, 11, 6, 12, 4, 0]
Distance: 4049

Ant 1 route: [0, 7, 10, 8, 9, 1, 13, 2, 3, 5, 11, 6, 12, 4, 0]
Distance: 4049

Ant 2 route: [0, 7, 10, 8, 9, 1, 13, 12, 6, 11, 5, 3, 2, 4, 0]
Distance: 4194

Ant 3 route: [0, 7, 10, 8, 9, 1, 13, 2, 3, 4, 5, 11, 6, 12, 0]
Distance: 3416



ITERATION: 56

Ant 0 route: [0, 7, 10, 8, 9, 1, 13, 2, 3, 5, 11, 6, 12, 4, 0]
Distance: 4049

Ant 1 route: [0, 7, 10, 8, 9, 1, 13, 12, 6, 11, 5, 3, 2, 4, 0]
Distance: 4194

Ant 2 route: [0, 7, 10, 8, 9, 1, 13, 2, 3, 5, 11, 6, 12, 4, 0]
Distance: 4049

Ant 3 route: [0, 7, 10, 8, 9, 1, 13, 2, 3, 5, 11, 6, 12, 4, 0]
Distance: 4049



ITERATION: 57

Ant 0 route: [0, 7, 10, 8, 9, 1, 13, 2, 3, 5, 11, 6, 12, 4, 0]
Distance: 4049

Ant 1 route: [0, 7, 10, 8, 9, 1, 13, 2, 3, 5, 11, 6, 12, 4, 0]
Distance: 4049

Ant 2 route: [0, 7, 10, 8, 9, 1, 13, 2, 3, 5, 11, 6, 12, 4, 0]
Distance: 4049

Ant 3 route: [0, 7, 10, 8, 9, 1, 13, 12, 6, 11, 5, 3, 2, 4, 0]
Distance: 4194



ITERATION: 58

Ant 0 route: [0, 7, 10, 8, 9, 1, 13, 12, 6, 11, 5, 3, 4, 2, 0]
Distance: 3940

Ant 1 route: [0, 7, 10, 8, 9, 1, 13, 2, 3, 5, 11, 6, 12, 4, 0]
Distance: 4049

Ant 2 route: [0, 7, 10, 8, 9, 1, 13, 12, 6, 11, 5, 3, 2, 4, 0]
Distance: 4194

Ant 3 route: [0, 7, 10, 8, 9, 1, 13, 2, 3, 4, 5, 11, 6, 12, 0]
Distance: 3416



ITERATION: 59

Ant 0 route: [0, 7, 10, 8, 9, 1, 13, 2, 3, 5, 11, 6, 12, 4, 0]
Distance: 4049

Ant 1 route: [0, 7, 10, 8, 9, 1, 13, 2, 3, 5, 11, 6, 12, 4, 0]
Distance: 4049

Ant 2 route: [0, 7, 10, 8, 9, 1, 13, 2, 3, 5, 11, 6, 12, 4, 0]
Distance: 4049

Ant 3 route: [0, 7, 10, 8, 9, 1, 13, 12, 4, 5, 11, 6, 3, 2, 0]
Distance: 4050



ITERATION: 60

Ant 0 route: [0, 7, 10, 8, 9, 1, 13, 2, 3, 5, 11, 6, 12, 4, 0]
Distance: 4049

Ant 1 route: [0, 7, 10, 8, 9, 1, 13, 12, 6, 11, 5, 3, 2, 4, 0]
Distance: 4194

Ant 2 route: [0, 7, 10, 8, 9, 1, 13, 2, 3, 5, 11, 6, 12, 4, 0]
Distance: 4049

Ant 3 route: [0, 7, 10, 8, 9, 1, 13, 12, 6, 11, 5, 3, 4, 2, 0]
Distance: 3940



ITERATION: 61

Ant 0 route: [0, 7, 10, 8, 9, 1, 13, 2, 3, 5, 11, 6, 12, 4, 0]
Distance: 4049

Ant 1 route: [0, 7, 10, 8, 9, 1, 13, 12, 6, 11, 5, 3, 4, 2, 0]
Distance: 3940

Ant 2 route: [0, 7, 10, 8, 9, 1, 13, 2, 3, 5, 11, 6, 12, 4, 0]
Distance: 4049

Ant 3 route: [0, 7, 10, 8, 9, 1, 13, 2, 3, 5, 11, 6, 12, 4, 0]
Distance: 4049



ITERATION: 62

Ant 0 route: [0, 7, 10, 8, 9, 1, 13, 2, 11, 5, 3, 4, 12, 6, 0]
Distance: 3951

Ant 1 route: [0, 7, 10, 8, 9, 1, 13, 2, 3, 5, 11, 6, 12, 4, 0]
Distance: 4049

Ant 2 route: [0, 7, 10, 8, 9, 1, 13, 2, 3, 5, 11, 6, 12, 4, 0]
Distance: 4049

Ant 3 route: [0, 7, 10, 8, 9, 1, 13, 2, 3, 5, 11, 6, 12, 4, 0]
Distance: 4049



ITERATION: 63

Ant 0 route: [0, 7, 10, 8, 9, 1, 13, 2, 3, 5, 11, 6, 12, 4, 0]
Distance: 4049

Ant 1 route: [0, 7, 10, 8, 9, 1, 13, 2, 3, 5, 11, 6, 12, 4, 0]
Distance: 4049

Ant 2 route: [0, 7, 10, 8, 9, 1, 13, 2, 3, 5, 11, 6, 12, 4, 0]
Distance: 4049

Ant 3 route: [0, 7, 10, 8, 9, 6, 12, 4, 5, 11, 3, 2, 13, 1, 0]
Distance: 3745



ITERATION: 64

Ant 0 route: [0, 7, 10, 8, 9, 1, 13, 2, 3, 5, 11, 6, 12, 4, 0]
Distance: 4049

Ant 1 route: [0, 7, 10, 8, 9, 1, 13, 2, 3, 5, 11, 6, 12, 4, 0]
Distance: 4049

Ant 2 route: [0, 7, 10, 8, 9, 1, 13, 2, 3, 5, 11, 6, 12, 4, 0]
Distance: 4049

Ant 3 route: [0, 7, 10, 8, 9, 1, 13, 12, 6, 11, 5, 3, 2, 4, 0]
Distance: 4194



ITERATION: 65

Ant 0 route: [0, 7, 10, 8, 9, 1, 13, 2, 3, 5, 11, 6, 12, 4, 0]
Distance: 4049

Ant 1 route: [0, 7, 10, 8, 9, 1, 13, 12, 6, 11, 5, 3, 2, 4, 0]
Distance: 4194

Ant 2 route: [0, 7, 10, 8, 9, 1, 13, 2, 3, 5, 11, 6, 12, 4, 0]
Distance: 4049

Ant 3 route: [0, 7, 10, 8, 9, 6, 11, 5, 3, 2, 4, 12, 13, 1, 0]
Distance: 4170



ITERATION: 66

Ant 0 route: [0, 7, 10, 8, 9, 1, 13, 2, 3, 5, 11, 6, 12, 4, 0]
Distance: 4049

Ant 1 route: [0, 7, 10, 8, 9, 1, 13, 2, 3, 5, 11, 6, 12, 4, 0]
Distance: 4049

Ant 2 route: [0, 7, 10, 8, 9, 1, 13, 2, 3, 4, 12, 6, 11, 5, 0]
Distance: 3890

Ant 3 route: [0, 7, 10, 8, 9, 1, 13, 2, 3, 5, 11, 6, 12, 4, 0]
Distance: 4049



ITERATION: 67

Ant 0 route: [0, 7, 10, 8, 9, 1, 13, 2, 3, 5, 11, 6, 12, 4, 0]
Distance: 4049

Ant 1 route: [0, 7, 10, 8, 9, 1, 13, 2, 3, 5, 11, 6, 12, 4, 0]
Distance: 4049

Ant 2 route: [0, 7, 10, 8, 9, 1, 13, 2, 3, 5, 11, 6, 12, 4, 0]
Distance: 4049

Ant 3 route: [0, 7, 10, 8, 9, 1, 13, 2, 3, 5, 11, 6, 12, 4, 0]
Distance: 4049



ITERATION: 68

Ant 0 route: [0, 7, 10, 8, 9, 1, 13, 2, 3, 5, 11, 6, 12, 4, 0]
Distance: 4049

Ant 1 route: [0, 7, 10, 8, 9, 1, 13, 2, 3, 5, 11, 6, 12, 4, 0]
Distance: 4049

Ant 2 route: [0, 7, 10, 8, 9, 1, 13, 2, 3, 5, 11, 6, 12, 4, 0]
Distance: 4049

Ant 3 route: [0, 7, 10, 8, 9, 1, 13, 2, 3, 5, 11, 6, 12, 4, 0]
Distance: 4049



ITERATION: 69

Ant 0 route: [0, 7, 10, 8, 9, 1, 13, 12, 6, 11, 5, 3, 2, 4, 0]
Distance: 4194

Ant 1 route: [0, 7, 10, 8, 9, 1, 13, 2, 3, 5, 11, 6, 12, 4, 0]
Distance: 4049

Ant 2 route: [0, 7, 10, 8, 9, 1, 13, 2, 3, 5, 11, 6, 12, 4, 0]
Distance: 4049

Ant 3 route: [0, 7, 10, 8, 9, 1, 13, 2, 3, 5, 11, 6, 12, 4, 0]
Distance: 4049



ITERATION: 70

Ant 0 route: [0, 7, 10, 8, 9, 1, 13, 2, 3, 5, 11, 6, 12, 4, 0]
Distance: 4049

Ant 1 route: [0, 7, 10, 8, 9, 1, 13, 2, 3, 5, 11, 6, 12, 4, 0]
Distance: 4049

Ant 2 route: [0, 7, 10, 8, 9, 1, 13, 2, 3, 5, 11, 6, 12, 4, 0]
Distance: 4049

Ant 3 route: [0, 7, 10, 8, 9, 1, 13, 2, 3, 5, 11, 6, 12, 4, 0]
Distance: 4049



ITERATION: 71

Ant 0 route: [0, 7, 10, 8, 9, 1, 13, 2, 3, 5, 11, 6, 12, 4, 0]
Distance: 4049

Ant 1 route: [0, 7, 10, 8, 9, 1, 13, 2, 3, 5, 11, 6, 12, 4, 0]
Distance: 4049

Ant 2 route: [0, 7, 10, 8, 9, 1, 13, 2, 3, 5, 11, 6, 12, 4, 0]
Distance: 4049

Ant 3 route: [0, 7, 10, 8, 9, 1, 13, 2, 3, 5, 11, 6, 12, 4, 0]
Distance: 4049



ITERATION: 72

Ant 0 route: [0, 7, 10, 8, 9, 1, 13, 2, 3, 5, 11, 6, 12, 4, 0]
Distance: 4049

Ant 1 route: [0, 7, 10, 8, 9, 1, 13, 2, 3, 5, 11, 6, 12, 4, 0]
Distance: 4049

Ant 2 route: [0, 7, 10, 8, 9, 1, 13, 2, 3, 5, 11, 6, 12, 4, 0]
Distance: 4049

Ant 3 route: [0, 7, 10, 8, 9, 1, 13, 2, 3, 5, 11, 6, 12, 4, 0]
Distance: 4049



ITERATION: 73

Ant 0 route: [0, 7, 10, 8, 9, 1, 13, 2, 3, 5, 11, 6, 12, 4, 0]
Distance: 4049

Ant 1 route: [0, 7, 10, 8, 9, 1, 13, 2, 3, 5, 11, 6, 12, 4, 0]
Distance: 4049

Ant 2 route: [0, 7, 10, 8, 9, 6, 12, 4, 5, 11, 3, 2, 13, 1, 0]
Distance: 3745

Ant 3 route: [0, 7, 10, 8, 9, 1, 13, 2, 3, 5, 11, 6, 12, 4, 0]
Distance: 4049



ITERATION: 74

Ant 0 route: [0, 7, 10, 8, 9, 1, 13, 2, 3, 5, 11, 6, 12, 4, 0]
Distance: 4049

Ant 1 route: [0, 7, 10, 8, 9, 1, 13, 2, 3, 5, 11, 6, 12, 4, 0]
Distance: 4049

Ant 2 route: [0, 7, 10, 8, 9, 1, 13, 2, 3, 5, 11, 6, 12, 4, 0]
Distance: 4049

Ant 3 route: [0, 7, 10, 8, 9, 1, 13, 2, 3, 5, 11, 6, 12, 4, 0]
Distance: 4049



ITERATION: 75

Ant 0 route: [0, 7, 10, 8, 9, 1, 13, 2, 3, 5, 11, 6, 12, 4, 0]
Distance: 4049

Ant 1 route: [0, 7, 10, 8, 9, 1, 13, 2, 3, 5, 11, 6, 12, 4, 0]
Distance: 4049

Ant 2 route: [0, 7, 10, 8, 9, 1, 13, 2, 3, 5, 11, 6, 12, 4, 0]
Distance: 4049

Ant 3 route: [0, 7, 10, 8, 9, 1, 13, 2, 3, 5, 11, 6, 12, 4, 0]
Distance: 4049



ITERATION: 76

Ant 0 route: [0, 7, 10, 8, 9, 1, 13, 2, 3, 5, 11, 6, 12, 4, 0]
Distance: 4049

Ant 1 route: [0, 7, 10, 8, 9, 1, 13, 2, 3, 5, 11, 6, 12, 4, 0]
Distance: 4049

Ant 2 route: [0, 7, 10, 8, 9, 1, 13, 2, 3, 5, 11, 6, 12, 4, 0]
Distance: 4049

Ant 3 route: [0, 7, 10, 8, 9, 1, 13, 2, 3, 5, 11, 6, 12, 4, 0]
Distance: 4049



ITERATION: 77

Ant 0 route: [0, 7, 10, 8, 9, 1, 13, 2, 3, 5, 11, 6, 12, 4, 0]
Distance: 4049

Ant 1 route: [0, 7, 10, 8, 9, 1, 13, 2, 3, 5, 11, 6, 12, 4, 0]
Distance: 4049

Ant 2 route: [0, 7, 10, 8, 9, 1, 13, 2, 3, 5, 11, 6, 12, 4, 0]
Distance: 4049

Ant 3 route: [0, 7, 10, 8, 9, 1, 13, 2, 3, 5, 11, 6, 12, 4, 0]
Distance: 4049



ITERATION: 78

Ant 0 route: [0, 7, 10, 8, 9, 1, 13, 2, 3, 5, 11, 6, 12, 4, 0]
Distance: 4049

Ant 1 route: [0, 7, 10, 8, 9, 1, 13, 2, 3, 5, 11, 6, 12, 4, 0]
Distance: 4049

Ant 2 route: [0, 7, 10, 8, 9, 1, 13, 2, 3, 5, 11, 6, 12, 4, 0]
Distance: 4049

Ant 3 route: [0, 7, 10, 8, 9, 1, 13, 2, 3, 5, 11, 6, 12, 4, 0]
Distance: 4049



ITERATION: 79

Ant 0 route: [0, 7, 10, 8, 9, 1, 13, 2, 3, 5, 11, 6, 12, 4, 0]
Distance: 4049

Ant 1 route: [0, 7, 10, 8, 9, 1, 13, 2, 3, 5, 11, 6, 12, 4, 0]
Distance: 4049

Ant 2 route: [0, 7, 10, 8, 9, 1, 13, 2, 3, 5, 11, 6, 12, 4, 0]
Distance: 4049

Ant 3 route: [0, 7, 10, 8, 9, 1, 13, 2, 3, 5, 11, 6, 12, 4, 0]
Distance: 4049



ITERATION: 80

Ant 0 route: [0, 7, 10, 8, 9, 1, 13, 2, 3, 5, 11, 6, 12, 4, 0]
Distance: 4049

Ant 1 route: [0, 7, 10, 8, 9, 1, 13, 2, 3, 5, 11, 6, 12, 4, 0]
Distance: 4049

Ant 2 route: [0, 7, 10, 8, 9, 1, 13, 2, 3, 5, 11, 6, 12, 4, 0]
Distance: 4049

Ant 3 route: [0, 7, 10, 8, 9, 1, 13, 2, 3, 5, 11, 6, 12, 4, 0]
Distance: 4049



ITERATION: 81

Ant 0 route: [0, 7, 10, 8, 9, 1, 13, 2, 3, 5, 11, 6, 12, 4, 0]
Distance: 4049

Ant 1 route: [0, 7, 10, 8, 9, 1, 13, 2, 3, 5, 11, 6, 12, 4, 0]
Distance: 4049

Ant 2 route: [0, 7, 10, 8, 9, 1, 13, 2, 3, 5, 11, 6, 12, 4, 0]
Distance: 4049

Ant 3 route: [0, 7, 10, 8, 9, 1, 13, 2, 3, 5, 11, 6, 12, 4, 0]
Distance: 4049



ITERATION: 82

Ant 0 route: [0, 7, 10, 8, 9, 1, 13, 2, 3, 5, 11, 6, 12, 4, 0]
Distance: 4049

Ant 1 route: [0, 7, 10, 8, 9, 1, 13, 2, 3, 5, 11, 6, 12, 4, 0]
Distance: 4049

Ant 2 route: [0, 7, 10, 8, 9, 1, 13, 2, 3, 5, 11, 6, 12, 4, 0]
Distance: 4049

Ant 3 route: [0, 7, 10, 8, 9, 1, 13, 2, 3, 5, 11, 6, 12, 4, 0]
Distance: 4049



ITERATION: 83

Ant 0 route: [0, 7, 10, 8, 9, 1, 13, 2, 3, 5, 11, 6, 12, 4, 0]
Distance: 4049

Ant 1 route: [0, 7, 10, 8, 9, 1, 13, 2, 3, 5, 11, 6, 12, 4, 0]
Distance: 4049

Ant 2 route: [0, 7, 10, 8, 9, 1, 13, 2, 3, 5, 11, 6, 12, 4, 0]
Distance: 4049

Ant 3 route: [0, 7, 10, 8, 9, 1, 13, 2, 3, 5, 11, 6, 12, 4, 0]
Distance: 4049



ITERATION: 84

Ant 0 route: [0, 7, 10, 8, 9, 1, 13, 2, 3, 5, 11, 6, 12, 4, 0]
Distance: 4049

Ant 1 route: [0, 7, 10, 8, 9, 1, 13, 2, 3, 5, 11, 6, 12, 4, 0]
Distance: 4049

Ant 2 route: [0, 7, 10, 8, 9, 1, 13, 2, 3, 5, 11, 6, 12, 4, 0]
Distance: 4049

Ant 3 route: [0, 7, 10, 8, 9, 1, 13, 2, 3, 5, 11, 6, 12, 4, 0]
Distance: 4049



ITERATION: 85

Ant 0 route: [0, 7, 10, 8, 9, 1, 13, 2, 3, 5, 11, 6, 12, 4, 0]
Distance: 4049

Ant 1 route: [0, 7, 10, 8, 9, 1, 13, 2, 3, 5, 11, 6, 12, 4, 0]
Distance: 4049

Ant 2 route: [0, 7, 10, 8, 9, 1, 13, 2, 3, 5, 11, 6, 12, 4, 0]
Distance: 4049

Ant 3 route: [0, 7, 10, 8, 9, 1, 13, 2, 3, 5, 11, 6, 12, 4, 0]
Distance: 4049



ITERATION: 86

Ant 0 route: [0, 7, 10, 8, 9, 1, 13, 2, 3, 5, 11, 6, 12, 4, 0]
Distance: 4049

Ant 1 route: [0, 7, 10, 8, 9, 1, 13, 2, 3, 5, 11, 6, 12, 4, 0]
Distance: 4049

Ant 2 route: [0, 7, 10, 8, 9, 1, 13, 2, 3, 5, 11, 6, 12, 4, 0]
Distance: 4049

Ant 3 route: [0, 7, 10, 8, 9, 1, 13, 2, 3, 5, 11, 6, 12, 4, 0]
Distance: 4049



ITERATION: 87

Ant 0 route: [0, 7, 10, 8, 9, 1, 13, 2, 3, 5, 11, 6, 12, 4, 0]
Distance: 4049

Ant 1 route: [0, 7, 10, 8, 9, 1, 13, 2, 3, 5, 11, 6, 12, 4, 0]
Distance: 4049

Ant 2 route: [0, 7, 10, 8, 9, 1, 13, 2, 3, 5, 11, 6, 12, 4, 0]
Distance: 4049

Ant 3 route: [0, 7, 10, 8, 9, 1, 13, 2, 3, 5, 11, 6, 12, 4, 0]
Distance: 4049



ITERATION: 88

Ant 0 route: [0, 7, 10, 8, 9, 1, 13, 2, 3, 5, 11, 6, 12, 4, 0]
Distance: 4049

Ant 1 route: [0, 7, 10, 8, 9, 1, 13, 2, 3, 5, 11, 6, 12, 4, 0]
Distance: 4049

Ant 2 route: [0, 7, 10, 8, 9, 1, 13, 2, 3, 5, 11, 6, 12, 4, 0]
Distance: 4049

Ant 3 route: [0, 7, 10, 8, 9, 1, 13, 2, 3, 5, 11, 6, 12, 4, 0]
Distance: 4049



ITERATION: 89

Ant 0 route: [0, 7, 10, 8, 9, 1, 13, 2, 3, 5, 11, 6, 12, 4, 0]
Distance: 4049

Ant 1 route: [0, 7, 10, 8, 9, 1, 13, 2, 3, 5, 11, 6, 12, 4, 0]
Distance: 4049

Ant 2 route: [0, 7, 10, 8, 9, 1, 13, 2, 3, 5, 11, 6, 12, 4, 0]
Distance: 4049

Ant 3 route: [0, 7, 10, 8, 9, 1, 13, 2, 3, 5, 11, 6, 12, 4, 0]
Distance: 4049



ITERATION: 90

Ant 0 route: [0, 7, 10, 8, 9, 1, 13, 2, 3, 5, 11, 6, 12, 4, 0]
Distance: 4049

Ant 1 route: [0, 7, 10, 8, 9, 1, 13, 2, 3, 5, 11, 6, 12, 4, 0]
Distance: 4049

Ant 2 route: [0, 7, 10, 8, 9, 1, 13, 2, 3, 5, 11, 6, 12, 4, 0]
Distance: 4049

Ant 3 route: [0, 7, 10, 8, 9, 1, 13, 2, 3, 5, 11, 6, 12, 4, 0]
Distance: 4049



ITERATION: 91

Ant 0 route: [0, 7, 10, 8, 9, 1, 13, 2, 3, 5, 11, 6, 12, 4, 0]
Distance: 4049

Ant 1 route: [0, 7, 10, 8, 9, 1, 13, 2, 3, 5, 11, 6, 12, 4, 0]
Distance: 4049

Ant 2 route: [0, 7, 10, 8, 9, 1, 13, 2, 3, 5, 11, 6, 12, 4, 0]
Distance: 4049

Ant 3 route: [0, 7, 10, 8, 9, 1, 13, 2, 3, 5, 11, 6, 12, 4, 0]
Distance: 4049



ITERATION: 92

Ant 0 route: [0, 7, 10, 8, 9, 1, 13, 2, 3, 5, 11, 6, 12, 4, 0]
Distance: 4049

Ant 1 route: [0, 7, 10, 8, 9, 1, 13, 2, 3, 5, 11, 6, 12, 4, 0]
Distance: 4049

Ant 2 route: [0, 7, 10, 8, 9, 1, 13, 2, 3, 5, 11, 6, 12, 4, 0]
Distance: 4049

Ant 3 route: [0, 7, 10, 8, 9, 1, 13, 2, 3, 5, 11, 6, 12, 4, 0]
Distance: 4049



ITERATION: 93

Ant 0 route: [0, 7, 10, 8, 9, 1, 13, 2, 3, 5, 11, 6, 12, 4, 0]
Distance: 4049

Ant 1 route: [0, 7, 10, 8, 9, 1, 13, 2, 3, 5, 11, 6, 12, 4, 0]
Distance: 4049

Ant 2 route: [0, 7, 10, 8, 9, 1, 13, 2, 3, 5, 11, 6, 12, 4, 0]
Distance: 4049

Ant 3 route: [0, 7, 10, 8, 9, 1, 13, 2, 3, 5, 11, 6, 12, 4, 0]
Distance: 4049



ITERATION: 94

Ant 0 route: [0, 7, 10, 8, 9, 1, 13, 2, 3, 5, 11, 6, 12, 4, 0]
Distance: 4049

Ant 1 route: [0, 7, 10, 8, 9, 1, 13, 2, 3, 5, 11, 6, 12, 4, 0]
Distance: 4049

Ant 2 route: [0, 7, 10, 8, 9, 1, 13, 2, 3, 5, 11, 6, 12, 4, 0]
Distance: 4049

Ant 3 route: [0, 7, 10, 8, 9, 1, 13, 2, 3, 5, 11, 6, 12, 4, 0]
Distance: 4049



ITERATION: 95

Ant 0 route: [0, 7, 10, 8, 9, 1, 13, 2, 3, 5, 11, 6, 12, 4, 0]
Distance: 4049

Ant 1 route: [0, 7, 10, 8, 9, 1, 13, 2, 3, 5, 11, 6, 12, 4, 0]
Distance: 4049

Ant 2 route: [0, 7, 10, 8, 9, 1, 13, 2, 3, 5, 11, 6, 12, 4, 0]
Distance: 4049

Ant 3 route: [0, 7, 10, 8, 9, 1, 13, 2, 3, 5, 11, 6, 12, 4, 0]
Distance: 4049



ITERATION: 96

Ant 0 route: [0, 7, 10, 8, 9, 1, 13, 2, 3, 5, 11, 6, 12, 4, 0]
Distance: 4049

Ant 1 route: [0, 7, 10, 8, 9, 1, 13, 2, 3, 5, 11, 6, 12, 4, 0]
Distance: 4049

Ant 2 route: [0, 7, 10, 8, 9, 1, 13, 2, 3, 5, 11, 6, 12, 4, 0]
Distance: 4049

Ant 3 route: [0, 7, 10, 8, 9, 1, 13, 2, 3, 5, 11, 6, 12, 4, 0]
Distance: 4049



ITERATION: 97

Ant 0 route: [0, 7, 10, 8, 9, 1, 13, 2, 3, 5, 11, 6, 12, 4, 0]
Distance: 4049

Ant 1 route: [0, 7, 10, 8, 9, 1, 13, 2, 3, 5, 11, 6, 12, 4, 0]
Distance: 4049

Ant 2 route: [0, 7, 10, 8, 9, 1, 13, 2, 3, 5, 11, 6, 12, 4, 0]
Distance: 4049

Ant 3 route: [0, 7, 10, 8, 9, 1, 13, 2, 3, 5, 11, 6, 12, 4, 0]
Distance: 4049



ITERATION: 98

Ant 0 route: [0, 7, 10, 8, 9, 1, 13, 2, 3, 5, 11, 6, 12, 4, 0]
Distance: 4049

Ant 1 route: [0, 7, 10, 8, 9, 1, 13, 2, 3, 5, 11, 6, 12, 4, 0]
Distance: 4049

Ant 2 route: [0, 7, 10, 8, 9, 1, 13, 2, 3, 5, 11, 6, 12, 4, 0]
Distance: 4049

Ant 3 route: [0, 7, 10, 8, 9, 1, 13, 2, 3, 5, 11, 6, 12, 4, 0]
Distance: 4049



ITERATION: 99

Ant 0 route: [0, 7, 10, 8, 9, 1, 13, 2, 3, 5, 11, 6, 12, 4, 0]
Distance: 4049

Ant 1 route: [0, 7, 10, 8, 9, 1, 13, 2, 3, 5, 11, 6, 12, 4, 0]
Distance: 4049

Ant 2 route: [0, 7, 10, 8, 9, 1, 13, 2, 3, 5, 11, 6, 12, 4, 0]
Distance: 4049

Ant 3 route: [0, 7, 10, 8, 9, 1, 13, 2, 3, 5, 11, 6, 12, 4, 0]
Distance: 4049



ITERATION: 100

Ant 0 route: [0, 7, 10, 8, 9, 1, 13, 2, 3, 5, 11, 6, 12, 4, 0]
Distance: 4049

Ant 1 route: [0, 7, 10, 8, 9, 1, 13, 2, 3, 5, 11, 6, 12, 4, 0]
Distance: 4049

Ant 2 route: [0, 7, 10, 8, 9, 1, 13, 2, 3, 5, 11, 6, 12, 4, 0]
Distance: 4049

Ant 3 route: [0, 7, 10, 8, 9, 1, 13, 2, 3, 5, 11, 6, 12, 4, 0]
Distance: 4049



ITERATION: 101

Ant 0 route: [0, 7, 10, 8, 9, 1, 13, 2, 3, 5, 11, 6, 12, 4, 0]
Distance: 4049

Ant 1 route: [0, 7, 10, 8, 9, 1, 13, 2, 3, 5, 11, 6, 12, 4, 0]
Distance: 4049

Ant 2 route: [0, 7, 10, 8, 9, 1, 13, 2, 3, 5, 11, 6, 12, 4, 0]
Distance: 4049

Ant 3 route: [0, 7, 10, 8, 9, 1, 13, 2, 3, 5, 11, 6, 12, 4, 0]
Distance: 4049



ITERATION: 102

Ant 0 route: [0, 7, 10, 8, 9, 1, 13, 2, 3, 5, 11, 6, 12, 4, 0]
Distance: 4049

Ant 1 route: [0, 7, 10, 8, 9, 1, 13, 2, 3, 5, 11, 6, 12, 4, 0]
Distance: 4049

Ant 2 route: [0, 7, 10, 8, 9, 1, 13, 2, 3, 5, 11, 6, 12, 4, 0]
Distance: 4049

Ant 3 route: [0, 7, 10, 8, 9, 1, 13, 2, 3, 5, 11, 6, 12, 4, 0]
Distance: 4049



ITERATION: 103

Ant 0 route: [0, 7, 10, 8, 9, 1, 13, 2, 3, 5, 11, 6, 12, 4, 0]
Distance: 4049

Ant 1 route: [0, 7, 10, 8, 9, 1, 13, 2, 3, 5, 11, 6, 12, 4, 0]
Distance: 4049

Ant 2 route: [0, 7, 10, 8, 9, 1, 13, 2, 3, 5, 11, 6, 12, 4, 0]
Distance: 4049

Ant 3 route: [0, 7, 10, 8, 9, 1, 13, 2, 3, 5, 11, 6, 12, 4, 0]
Distance: 4049



ITERATION: 104

Ant 0 route: [0, 7, 10, 8, 9, 1, 13, 2, 3, 5, 11, 6, 12, 4, 0]
Distance: 4049

Ant 1 route: [0, 7, 10, 8, 9, 1, 13, 2, 3, 5, 11, 6, 12, 4, 0]
Distance: 4049

Ant 2 route: [0, 7, 10, 8, 9, 1, 13, 2, 3, 5, 11, 6, 12, 4, 0]
Distance: 4049

Ant 3 route: [0, 7, 10, 8, 9, 1, 13, 2, 3, 5, 11, 6, 12, 4, 0]
Distance: 4049



ITERATION: 105

Ant 0 route: [0, 7, 10, 8, 9, 1, 13, 2, 3, 5, 11, 6, 12, 4, 0]
Distance: 4049

Ant 1 route: [0, 7, 10, 8, 9, 1, 13, 2, 3, 5, 11, 6, 12, 4, 0]
Distance: 4049

Ant 2 route: [0, 7, 10, 8, 9, 1, 13, 2, 3, 5, 11, 6, 12, 4, 0]
Distance: 4049

Ant 3 route: [0, 7, 10, 8, 9, 1, 13, 2, 3, 5, 11, 6, 12, 4, 0]
Distance: 4049



ITERATION: 106

Ant 0 route: [0, 7, 10, 8, 9, 1, 13, 2, 3, 5, 11, 6, 12, 4, 0]
Distance: 4049

Ant 1 route: [0, 7, 10, 8, 9, 1, 13, 2, 3, 5, 11, 6, 12, 4, 0]
Distance: 4049

Ant 2 route: [0, 7, 10, 8, 9, 1, 13, 2, 3, 5, 11, 6, 12, 4, 0]
Distance: 4049

Ant 3 route: [0, 7, 10, 8, 9, 1, 13, 2, 3, 5, 11, 6, 12, 4, 0]
Distance: 4049



ITERATION: 107

Ant 0 route: [0, 7, 10, 8, 9, 1, 13, 2, 3, 5, 11, 6, 12, 4, 0]
Distance: 4049

Ant 1 route: [0, 7, 10, 8, 9, 1, 13, 2, 3, 5, 11, 6, 12, 4, 0]
Distance: 4049

Ant 2 route: [0, 7, 10, 8, 9, 1, 13, 2, 3, 5, 11, 6, 12, 4, 0]
Distance: 4049

Ant 3 route: [0, 7, 10, 8, 9, 1, 13, 2, 3, 5, 11, 6, 12, 4, 0]
Distance: 4049



ITERATION: 108

Ant 0 route: [0, 7, 10, 8, 9, 1, 13, 2, 3, 5, 11, 6, 12, 4, 0]
Distance: 4049

Ant 1 route: [0, 7, 10, 8, 9, 1, 13, 2, 3, 5, 11, 6, 12, 4, 0]
Distance: 4049

Ant 2 route: [0, 7, 10, 8, 9, 1, 13, 2, 3, 5, 11, 6, 12, 4, 0]
Distance: 4049

Ant 3 route: [0, 7, 10, 8, 9, 1, 13, 2, 3, 5, 11, 6, 12, 4, 0]
Distance: 4049



ITERATION: 109

Ant 0 route: [0, 7, 10, 8, 9, 1, 13, 2, 3, 5, 11, 6, 12, 4, 0]
Distance: 4049

Ant 1 route: [0, 7, 10, 8, 9, 1, 13, 2, 3, 5, 11, 6, 12, 4, 0]
Distance: 4049

Ant 2 route: [0, 7, 10, 8, 9, 1, 13, 2, 3, 5, 11, 6, 12, 4, 0]
Distance: 4049

Ant 3 route: [0, 7, 10, 8, 9, 1, 13, 2, 3, 5, 11, 6, 12, 4, 0]
Distance: 4049



ITERATION: 110

Ant 0 route: [0, 7, 10, 8, 9, 1, 13, 2, 3, 5, 11, 6, 12, 4, 0]
Distance: 4049

Ant 1 route: [0, 7, 10, 8, 9, 1, 13, 2, 3, 5, 11, 6, 12, 4, 0]
Distance: 4049

Ant 2 route: [0, 7, 10, 8, 9, 1, 13, 2, 3, 5, 11, 6, 12, 4, 0]
Distance: 4049

Ant 3 route: [0, 7, 10, 8, 9, 1, 13, 2, 3, 5, 11, 6, 12, 4, 0]
Distance: 4049



ITERATION: 111

Ant 0 route: [0, 7, 10, 8, 9, 1, 13, 2, 3, 5, 11, 6, 12, 4, 0]
Distance: 4049

Ant 1 route: [0, 7, 10, 8, 9, 1, 13, 2, 3, 5, 11, 6, 12, 4, 0]
Distance: 4049

Ant 2 route: [0, 7, 10, 8, 9, 1, 13, 2, 3, 5, 11, 6, 12, 4, 0]
Distance: 4049

Ant 3 route: [0, 7, 10, 8, 9, 1, 13, 2, 3, 5, 11, 6, 12, 4, 0]
Distance: 4049



ITERATION: 112

Ant 0 route: [0, 7, 10, 8, 9, 1, 13, 2, 3, 5, 11, 6, 12, 4, 0]
Distance: 4049

Ant 1 route: [0, 7, 10, 8, 9, 1, 13, 2, 3, 5, 11, 6, 12, 4, 0]
Distance: 4049

Ant 2 route: [0, 7, 10, 8, 9, 1, 13, 2, 3, 5, 11, 6, 12, 4, 0]
Distance: 4049

Ant 3 route: [0, 7, 10, 8, 9, 1, 13, 2, 3, 5, 11, 6, 12, 4, 0]
Distance: 4049



ITERATION: 113

Ant 0 route: [0, 7, 10, 8, 9, 1, 13, 2, 3, 5, 11, 6, 12, 4, 0]
Distance: 4049

Ant 1 route: [0, 7, 10, 8, 9, 1, 13, 2, 3, 5, 11, 6, 12, 4, 0]
Distance: 4049

Ant 2 route: [0, 7, 10, 8, 9, 1, 13, 2, 3, 5, 11, 6, 12, 4, 0]
Distance: 4049

Ant 3 route: [0, 7, 10, 8, 9, 1, 13, 2, 3, 5, 11, 6, 12, 4, 0]
Distance: 4049



ITERATION: 114

Ant 0 route: [0, 7, 10, 8, 9, 1, 13, 2, 3, 5, 11, 6, 12, 4, 0]
Distance: 4049

Ant 1 route: [0, 7, 10, 8, 9, 1, 13, 2, 3, 5, 11, 6, 12, 4, 0]
Distance: 4049

Ant 2 route: [0, 7, 10, 8, 9, 1, 13, 2, 3, 5, 11, 6, 12, 4, 0]
Distance: 4049

Ant 3 route: [0, 7, 10, 8, 9, 1, 13, 2, 3, 5, 11, 6, 12, 4, 0]
Distance: 4049



ITERATION: 115

Ant 0 route: [0, 7, 10, 8, 9, 1, 13, 2, 3, 5, 11, 6, 12, 4, 0]
Distance: 4049

Ant 1 route: [0, 7, 10, 8, 9, 1, 13, 2, 3, 5, 11, 6, 12, 4, 0]
Distance: 4049

Ant 2 route: [0, 7, 10, 8, 9, 1, 13, 2, 3, 5, 11, 6, 12, 4, 0]
Distance: 4049

Ant 3 route: [0, 7, 10, 8, 9, 1, 13, 2, 3, 5, 11, 6, 12, 4, 0]
Distance: 4049



ITERATION: 116

Ant 0 route: [0, 7, 10, 8, 9, 1, 13, 2, 3, 5, 11, 6, 12, 4, 0]
Distance: 4049

Ant 1 route: [0, 7, 10, 8, 9, 1, 13, 2, 3, 5, 11, 6, 12, 4, 0]
Distance: 4049

Ant 2 route: [0, 7, 10, 8, 9, 1, 13, 2, 3, 5, 11, 6, 12, 4, 0]
Distance: 4049

Ant 3 route: [0, 7, 10, 8, 9, 1, 13, 2, 3, 5, 11, 6, 12, 4, 0]
Distance: 4049



ITERATION: 117

Ant 0 route: [0, 7, 10, 8, 9, 1, 13, 2, 3, 5, 11, 6, 12, 4, 0]
Distance: 4049

Ant 1 route: [0, 7, 10, 8, 9, 1, 13, 2, 3, 5, 11, 6, 12, 4, 0]
Distance: 4049

Ant 2 route: [0, 7, 10, 8, 9, 1, 13, 2, 3, 5, 11, 6, 12, 4, 0]
Distance: 4049

Ant 3 route: [0, 7, 10, 8, 9, 1, 13, 2, 3, 5, 11, 6, 12, 4, 0]
Distance: 4049



ITERATION: 118

Ant 0 route: [0, 7, 10, 8, 9, 1, 13, 2, 3, 5, 11, 6, 12, 4, 0]
Distance: 4049

Ant 1 route: [0, 7, 10, 8, 9, 1, 13, 2, 3, 5, 11, 6, 12, 4, 0]
Distance: 4049

Ant 2 route: [0, 7, 10, 8, 9, 1, 13, 2, 3, 5, 11, 6, 12, 4, 0]
Distance: 4049

Ant 3 route: [0, 7, 10, 8, 9, 1, 13, 2, 3, 5, 11, 6, 12, 4, 0]
Distance: 4049



ITERATION: 119

Ant 0 route: [0, 7, 10, 8, 9, 1, 13, 2, 3, 5, 11, 6, 12, 4, 0]
Distance: 4049

Ant 1 route: [0, 7, 10, 8, 9, 1, 13, 2, 3, 5, 11, 6, 12, 4, 0]
Distance: 4049

Ant 2 route: [0, 7, 10, 8, 9, 1, 13, 2, 3, 5, 11, 6, 12, 4, 0]
Distance: 4049

Ant 3 route: [0, 7, 10, 8, 9, 1, 13, 2, 3, 5, 11, 6, 12, 4, 0]
Distance: 4049



ITERATION: 120

Ant 0 route: [0, 7, 10, 8, 9, 1, 13, 2, 3, 5, 11, 6, 12, 4, 0]
Distance: 4049

Ant 1 route: [0, 7, 10, 8, 9, 1, 13, 2, 3, 5, 11, 6, 12, 4, 0]
Distance: 4049

Ant 2 route: [0, 7, 10, 8, 9, 1, 13, 2, 3, 5, 11, 6, 12, 4, 0]
Distance: 4049

Ant 3 route: [0, 7, 10, 8, 9, 1, 13, 2, 3, 5, 11, 6, 12, 4, 0]
Distance: 4049



ITERATION: 121

Ant 0 route: [0, 7, 10, 8, 9, 1, 13, 2, 3, 5, 11, 6, 12, 4, 0]
Distance: 4049

Ant 1 route: [0, 7, 10, 8, 9, 1, 13, 2, 3, 5, 11, 6, 12, 4, 0]
Distance: 4049

Ant 2 route: [0, 7, 10, 8, 9, 1, 13, 2, 3, 5, 11, 6, 12, 4, 0]
Distance: 4049

Ant 3 route: [0, 7, 10, 8, 9, 1, 13, 2, 3, 5, 11, 6, 12, 4, 0]
Distance: 4049



ITERATION: 122

Ant 0 route: [0, 7, 10, 8, 9, 1, 13, 2, 3, 5, 11, 6, 12, 4, 0]
Distance: 4049

Ant 1 route: [0, 7, 10, 8, 9, 1, 13, 2, 3, 5, 11, 6, 12, 4, 0]
Distance: 4049

Ant 2 route: [0, 7, 10, 8, 9, 1, 13, 2, 3, 5, 11, 6, 12, 4, 0]
Distance: 4049

Ant 3 route: [0, 7, 10, 8, 9, 1, 13, 2, 3, 5, 11, 6, 12, 4, 0]
Distance: 4049



ITERATION: 123

Ant 0 route: [0, 7, 10, 8, 9, 1, 13, 2, 3, 5, 11, 6, 12, 4, 0]
Distance: 4049

Ant 1 route: [0, 7, 10, 8, 9, 1, 13, 2, 3, 5, 11, 6, 12, 4, 0]
Distance: 4049

Ant 2 route: [0, 7, 10, 8, 9, 1, 13, 2, 3, 5, 11, 6, 12, 4, 0]
Distance: 4049

Ant 3 route: [0, 7, 10, 8, 9, 1, 13, 2, 3, 5, 11, 6, 12, 4, 0]
Distance: 4049



ITERATION: 124

Ant 0 route: [0, 7, 10, 8, 9, 1, 13, 2, 3, 5, 11, 6, 12, 4, 0]
Distance: 4049

Ant 1 route: [0, 7, 10, 8, 9, 1, 13, 2, 3, 5, 11, 6, 12, 4, 0]
Distance: 4049

Ant 2 route: [0, 7, 10, 8, 9, 1, 13, 2, 3, 5, 11, 6, 12, 4, 0]
Distance: 4049

Ant 3 route: [0, 7, 10, 8, 9, 1, 13, 2, 3, 5, 11, 6, 12, 4, 0]
Distance: 4049



ITERATION: 125

Ant 0 route: [0, 7, 10, 8, 9, 1, 13, 2, 3, 5, 11, 6, 12, 4, 0]
Distance: 4049

Ant 1 route: [0, 7, 10, 8, 9, 1, 13, 2, 3, 5, 11, 6, 12, 4, 0]
Distance: 4049

Ant 2 route: [0, 7, 10, 8, 9, 1, 13, 2, 3, 5, 11, 6, 12, 4, 0]
Distance: 4049

Ant 3 route: [0, 7, 10, 8, 9, 1, 13, 2, 3, 5, 11, 6, 12, 4, 0]
Distance: 4049



ITERATION: 126

Ant 0 route: [0, 7, 10, 8, 9, 1, 13, 2, 3, 5, 11, 6, 12, 4, 0]
Distance: 4049

Ant 1 route: [0, 7, 10, 8, 9, 1, 13, 2, 3, 5, 11, 6, 12, 4, 0]
Distance: 4049

Ant 2 route: [0, 7, 10, 8, 9, 1, 13, 2, 3, 5, 11, 6, 12, 4, 0]
Distance: 4049

Ant 3 route: [0, 7, 10, 8, 9, 1, 13, 2, 3, 5, 11, 6, 12, 4, 0]
Distance: 4049



ITERATION: 127

Ant 0 route: [0, 7, 10, 8, 9, 1, 13, 2, 3, 5, 11, 6, 12, 4, 0]
Distance: 4049

Ant 1 route: [0, 7, 10, 8, 9, 1, 13, 2, 3, 5, 11, 6, 12, 4, 0]
Distance: 4049

Ant 2 route: [0, 7, 10, 8, 9, 1, 13, 2, 3, 5, 11, 6, 12, 4, 0]
Distance: 4049

Ant 3 route: [0, 7, 10, 8, 9, 1, 13, 2, 3, 5, 11, 6, 12, 4, 0]
Distance: 4049



ITERATION: 128

Ant 0 route: [0, 7, 10, 8, 9, 1, 13, 2, 3, 5, 11, 6, 12, 4, 0]
Distance: 4049

Ant 1 route: [0, 7, 10, 8, 9, 1, 13, 2, 3, 5, 11, 6, 12, 4, 0]
Distance: 4049

Ant 2 route: [0, 7, 10, 8, 9, 1, 13, 2, 3, 5, 11, 6, 12, 4, 0]
Distance: 4049

Ant 3 route: [0, 7, 10, 8, 9, 1, 13, 2, 3, 5, 11, 6, 12, 4, 0]
Distance: 4049



ITERATION: 129

Ant 0 route: [0, 7, 10, 8, 9, 1, 13, 2, 3, 5, 11, 6, 12, 4, 0]
Distance: 4049

Ant 1 route: [0, 7, 10, 8, 9, 1, 13, 2, 3, 5, 11, 6, 12, 4, 0]
Distance: 4049

Ant 2 route: [0, 7, 10, 8, 9, 1, 13, 2, 3, 5, 11, 6, 12, 4, 0]
Distance: 4049

Ant 3 route: [0, 7, 10, 8, 9, 1, 13, 2, 3, 5, 11, 6, 12, 4, 0]
Distance: 4049



ITERATION: 130

Ant 0 route: [0, 7, 10, 8, 9, 1, 13, 2, 3, 5, 11, 6, 12, 4, 0]
Distance: 4049

Ant 1 route: [0, 7, 10, 8, 9, 1, 13, 2, 3, 5, 11, 6, 12, 4, 0]
Distance: 4049

Ant 2 route: [0, 7, 10, 8, 9, 1, 13, 2, 3, 5, 11, 6, 12, 4, 0]
Distance: 4049

Ant 3 route: [0, 7, 10, 8, 9, 1, 13, 2, 3, 5, 11, 6, 12, 4, 0]
Distance: 4049



ITERATION: 131

Ant 0 route: [0, 7, 10, 8, 9, 1, 13, 2, 3, 5, 11, 6, 12, 4, 0]
Distance: 4049

Ant 1 route: [0, 7, 10, 8, 9, 1, 13, 2, 3, 5, 11, 6, 12, 4, 0]
Distance: 4049

Ant 2 route: [0, 7, 10, 8, 9, 1, 13, 2, 3, 5, 11, 6, 12, 4, 0]
Distance: 4049

Ant 3 route: [0, 7, 10, 8, 9, 1, 13, 2, 3, 5, 11, 6, 12, 4, 0]
Distance: 4049



ITERATION: 132

Ant 0 route: [0, 7, 10, 8, 9, 1, 13, 2, 3, 5, 11, 6, 12, 4, 0]
Distance: 4049

Ant 1 route: [0, 7, 10, 8, 9, 1, 13, 2, 3, 5, 11, 6, 12, 4, 0]
Distance: 4049

Ant 2 route: [0, 7, 10, 8, 9, 1, 13, 2, 3, 5, 11, 6, 12, 4, 0]
Distance: 4049

Ant 3 route: [0, 7, 10, 8, 9, 1, 13, 2, 3, 5, 11, 6, 12, 4, 0]
Distance: 4049



ITERATION: 133

Ant 0 route: [0, 7, 10, 8, 9, 1, 13, 2, 3, 5, 11, 6, 12, 4, 0]
Distance: 4049

Ant 1 route: [0, 7, 10, 8, 9, 1, 13, 2, 3, 5, 11, 6, 12, 4, 0]
Distance: 4049

Ant 2 route: [0, 7, 10, 8, 9, 1, 13, 2, 3, 5, 11, 6, 12, 4, 0]
Distance: 4049

Ant 3 route: [0, 7, 10, 8, 9, 1, 13, 2, 3, 5, 11, 6, 12, 4, 0]
Distance: 4049



ITERATION: 134

Ant 0 route: [0, 7, 10, 8, 9, 1, 13, 2, 3, 5, 11, 6, 12, 4, 0]
Distance: 4049

Ant 1 route: [0, 7, 10, 8, 9, 1, 13, 2, 3, 5, 11, 6, 12, 4, 0]
Distance: 4049

Ant 2 route: [0, 7, 10, 8, 9, 1, 13, 2, 3, 5, 11, 6, 12, 4, 0]
Distance: 4049

Ant 3 route: [0, 7, 10, 8, 9, 1, 13, 2, 3, 5, 11, 6, 12, 4, 0]
Distance: 4049



ITERATION: 135

Ant 0 route: [0, 7, 10, 8, 9, 1, 13, 2, 3, 5, 11, 6, 12, 4, 0]
Distance: 4049

Ant 1 route: [0, 7, 10, 8, 9, 1, 13, 2, 3, 5, 11, 6, 12, 4, 0]
Distance: 4049

Ant 2 route: [0, 7, 10, 8, 9, 1, 13, 2, 3, 5, 11, 6, 12, 4, 0]
Distance: 4049

Ant 3 route: [0, 7, 10, 8, 9, 1, 13, 2, 3, 5, 11, 6, 12, 4, 0]
Distance: 4049



ITERATION: 136

Ant 0 route: [0, 7, 10, 8, 9, 1, 13, 2, 3, 5, 11, 6, 12, 4, 0]
Distance: 4049

Ant 1 route: [0, 7, 10, 8, 9, 1, 13, 2, 3, 5, 11, 6, 12, 4, 0]
Distance: 4049

Ant 2 route: [0, 7, 10, 8, 9, 1, 13, 2, 3, 5, 11, 6, 12, 4, 0]
Distance: 4049

Ant 3 route: [0, 7, 10, 8, 9, 1, 13, 2, 3, 5, 11, 6, 12, 4, 0]
Distance: 4049



ITERATION: 137

Ant 0 route: [0, 7, 10, 8, 9, 1, 13, 2, 3, 5, 11, 6, 12, 4, 0]
Distance: 4049

Ant 1 route: [0, 7, 10, 8, 9, 1, 13, 2, 3, 5, 11, 6, 12, 4, 0]
Distance: 4049

Ant 2 route: [0, 7, 10, 8, 9, 1, 13, 2, 3, 5, 11, 6, 12, 4, 0]
Distance: 4049

Ant 3 route: [0, 7, 10, 8, 9, 1, 13, 2, 3, 5, 11, 6, 12, 4, 0]
Distance: 4049



ITERATION: 138

Ant 0 route: [0, 7, 10, 8, 9, 1, 13, 2, 3, 5, 11, 6, 12, 4, 0]
Distance: 4049

Ant 1 route: [0, 7, 10, 8, 9, 1, 13, 2, 3, 5, 11, 6, 12, 4, 0]
Distance: 4049

Ant 2 route: [0, 7, 10, 8, 9, 1, 13, 2, 3, 5, 11, 6, 12, 4, 0]
Distance: 4049

Ant 3 route: [0, 7, 10, 8, 9, 1, 13, 2, 3, 5, 11, 6, 12, 4, 0]
Distance: 4049



ITERATION: 139

Ant 0 route: [0, 7, 10, 8, 9, 1, 13, 2, 3, 5, 11, 6, 12, 4, 0]
Distance: 4049

Ant 1 route: [0, 7, 10, 8, 9, 1, 13, 2, 3, 5, 11, 6, 12, 4, 0]
Distance: 4049

Ant 2 route: [0, 7, 10, 8, 9, 1, 13, 2, 3, 5, 11, 6, 12, 4, 0]
Distance: 4049

Ant 3 route: [0, 7, 10, 8, 9, 1, 13, 2, 3, 5, 11, 6, 12, 4, 0]
Distance: 4049



ITERATION: 140

Ant 0 route: [0, 7, 10, 8, 9, 1, 13, 2, 3, 5, 11, 6, 12, 4, 0]
Distance: 4049

Ant 1 route: [0, 7, 10, 8, 9, 1, 13, 2, 3, 5, 11, 6, 12, 4, 0]
Distance: 4049

Ant 2 route: [0, 7, 10, 8, 9, 1, 13, 2, 3, 5, 11, 6, 12, 4, 0]
Distance: 4049

Ant 3 route: [0, 7, 10, 8, 9, 1, 13, 2, 3, 5, 11, 6, 12, 4, 0]
Distance: 4049



ITERATION: 141

Ant 0 route: [0, 7, 10, 8, 9, 1, 13, 2, 3, 5, 11, 6, 12, 4, 0]
Distance: 4049

Ant 1 route: [0, 7, 10, 8, 9, 1, 13, 2, 3, 5, 11, 6, 12, 4, 0]
Distance: 4049

Ant 2 route: [0, 7, 10, 8, 9, 1, 13, 2, 3, 5, 11, 6, 12, 4, 0]
Distance: 4049

Ant 3 route: [0, 7, 10, 8, 9, 1, 13, 2, 3, 5, 11, 6, 12, 4, 0]
Distance: 4049



ITERATION: 142

Ant 0 route: [0, 7, 10, 8, 9, 1, 13, 2, 3, 5, 11, 6, 12, 4, 0]
Distance: 4049

Ant 1 route: [0, 7, 10, 8, 9, 1, 13, 2, 3, 5, 11, 6, 12, 4, 0]
Distance: 4049

Ant 2 route: [0, 7, 10, 8, 9, 1, 13, 2, 3, 5, 11, 6, 12, 4, 0]
Distance: 4049

Ant 3 route: [0, 7, 10, 8, 9, 1, 13, 2, 3, 5, 11, 6, 12, 4, 0]
Distance: 4049



ITERATION: 143

Ant 0 route: [0, 7, 10, 8, 9, 1, 13, 2, 3, 5, 11, 6, 12, 4, 0]
Distance: 4049

Ant 1 route: [0, 7, 10, 8, 9, 1, 13, 2, 3, 5, 11, 6, 12, 4, 0]
Distance: 4049

Ant 2 route: [0, 7, 10, 8, 9, 1, 13, 2, 3, 5, 11, 6, 12, 4, 0]
Distance: 4049

Ant 3 route: [0, 7, 10, 8, 9, 1, 13, 2, 3, 5, 11, 6, 12, 4, 0]
Distance: 4049



ITERATION: 144

Ant 0 route: [0, 7, 10, 8, 9, 1, 13, 2, 3, 5, 11, 6, 12, 4, 0]
Distance: 4049

Ant 1 route: [0, 7, 10, 8, 9, 1, 13, 2, 3, 5, 11, 6, 12, 4, 0]
Distance: 4049

Ant 2 route: [0, 7, 10, 8, 9, 1, 13, 2, 3, 5, 11, 6, 12, 4, 0]
Distance: 4049

Ant 3 route: [0, 7, 10, 8, 9, 1, 13, 2, 3, 5, 11, 6, 12, 4, 0]
Distance: 4049



ITERATION: 145

Ant 0 route: [0, 7, 10, 8, 9, 1, 13, 2, 3, 5, 11, 6, 12, 4, 0]
Distance: 4049

Ant 1 route: [0, 7, 10, 8, 9, 1, 13, 2, 3, 5, 11, 6, 12, 4, 0]
Distance: 4049

Ant 2 route: [0, 7, 10, 8, 9, 1, 13, 2, 3, 5, 11, 6, 12, 4, 0]
Distance: 4049

Ant 3 route: [0, 7, 10, 8, 9, 1, 13, 2, 3, 5, 11, 6, 12, 4, 0]
Distance: 4049



ITERATION: 146

Ant 0 route: [0, 7, 10, 8, 9, 1, 13, 2, 3, 5, 11, 6, 12, 4, 0]
Distance: 4049

Ant 1 route: [0, 7, 10, 8, 9, 1, 13, 2, 3, 5, 11, 6, 12, 4, 0]
Distance: 4049

Ant 2 route: [0, 7, 10, 8, 9, 1, 13, 2, 3, 5, 11, 6, 12, 4, 0]
Distance: 4049

Ant 3 route: [0, 7, 10, 8, 9, 1, 13, 2, 3, 5, 11, 6, 12, 4, 0]
Distance: 4049



ITERATION: 147

Ant 0 route: [0, 7, 10, 8, 9, 1, 13, 2, 3, 5, 11, 6, 12, 4, 0]
Distance: 4049

Ant 1 route: [0, 7, 10, 8, 9, 1, 13, 2, 3, 5, 11, 6, 12, 4, 0]
Distance: 4049

Ant 2 route: [0, 7, 10, 8, 9, 1, 13, 2, 3, 5, 11, 6, 12, 4, 0]
Distance: 4049

Ant 3 route: [0, 7, 10, 8, 9, 1, 13, 2, 3, 5, 11, 6, 12, 4, 0]
Distance: 4049



ITERATION: 148

Ant 0 route: [0, 7, 10, 8, 9, 1, 13, 2, 3, 5, 11, 6, 12, 4, 0]
Distance: 4049

Ant 1 route: [0, 7, 10, 8, 9, 1, 13, 2, 3, 5, 11, 6, 12, 4, 0]
Distance: 4049

Ant 2 route: [0, 7, 10, 8, 9, 1, 13, 2, 3, 5, 11, 6, 12, 4, 0]
Distance: 4049

Ant 3 route: [0, 7, 10, 8, 9, 1, 13, 2, 3, 5, 11, 6, 12, 4, 0]
Distance: 4049



ITERATION: 149

Ant 0 route: [0, 7, 10, 8, 9, 1, 13, 2, 3, 5, 11, 6, 12, 4, 0]
Distance: 4049

Ant 1 route: [0, 7, 10, 8, 9, 1, 13, 2, 3, 5, 11, 6, 12, 4, 0]
Distance: 4049

Ant 2 route: [0, 7, 10, 8, 9, 1, 13, 2, 3, 5, 11, 6, 12, 4, 0]
Distance: 4049

Ant 3 route: [0, 7, 10, 8, 9, 1, 13, 2, 3, 5, 11, 6, 12, 4, 0]
Distance: 4049



ITERATION: 150

Ant 0 route: [0, 7, 10, 8, 9, 1, 13, 2, 3, 5, 11, 6, 12, 4, 0]
Distance: 4049

Ant 1 route: [0, 7, 10, 8, 9, 1, 13, 2, 3, 5, 11, 6, 12, 4, 0]
Distance: 4049

Ant 2 route: [0, 7, 10, 8, 9, 1, 13, 2, 3, 5, 11, 6, 12, 4, 0]
Distance: 4049

Ant 3 route: [0, 7, 10, 8, 9, 1, 13, 2, 3, 5, 11, 6, 12, 4, 0]
Distance: 4049



ITERATION: 151

Ant 0 route: [0, 7, 10, 8, 9, 1, 13, 2, 3, 5, 11, 6, 12, 4, 0]
Distance: 4049

Ant 1 route: [0, 7, 10, 8, 9, 1, 13, 2, 3, 5, 11, 6, 12, 4, 0]
Distance: 4049

Ant 2 route: [0, 7, 10, 8, 9, 1, 13, 2, 3, 5, 11, 6, 12, 4, 0]
Distance: 4049

Ant 3 route: [0, 7, 10, 8, 9, 1, 13, 2, 3, 5, 11, 6, 12, 4, 0]
Distance: 4049



ITERATION: 152

Ant 0 route: [0, 7, 10, 8, 9, 1, 13, 2, 3, 5, 11, 6, 12, 4, 0]
Distance: 4049

Ant 1 route: [0, 7, 10, 8, 9, 1, 13, 2, 3, 5, 11, 6, 12, 4, 0]
Distance: 4049

Ant 2 route: [0, 7, 10, 8, 9, 1, 13, 2, 3, 5, 11, 6, 12, 4, 0]
Distance: 4049

Ant 3 route: [0, 7, 10, 8, 9, 1, 13, 2, 3, 5, 11, 6, 12, 4, 0]
Distance: 4049



ITERATION: 153

Ant 0 route: [0, 7, 10, 8, 9, 1, 13, 2, 3, 5, 11, 6, 12, 4, 0]
Distance: 4049

Ant 1 route: [0, 7, 10, 8, 9, 1, 13, 2, 3, 5, 11, 6, 12, 4, 0]
Distance: 4049

Ant 2 route: [0, 7, 10, 8, 9, 1, 13, 2, 3, 5, 11, 6, 12, 4, 0]
Distance: 4049

Ant 3 route: [0, 7, 10, 8, 9, 1, 13, 2, 3, 5, 11, 6, 12, 4, 0]
Distance: 4049



ITERATION: 154

Ant 0 route: [0, 7, 10, 8, 9, 1, 13, 2, 3, 5, 11, 6, 12, 4, 0]
Distance: 4049

Ant 1 route: [0, 7, 10, 8, 9, 1, 13, 2, 3, 5, 11, 6, 12, 4, 0]
Distance: 4049

Ant 2 route: [0, 7, 10, 8, 9, 1, 13, 2, 3, 5, 11, 6, 12, 4, 0]
Distance: 4049

Ant 3 route: [0, 7, 10, 8, 9, 1, 13, 2, 3, 5, 11, 6, 12, 4, 0]
Distance: 4049



ITERATION: 155

Ant 0 route: [0, 7, 10, 8, 9, 1, 13, 2, 3, 5, 11, 6, 12, 4, 0]
Distance: 4049

Ant 1 route: [0, 7, 10, 8, 9, 1, 13, 2, 3, 5, 11, 6, 12, 4, 0]
Distance: 4049

Ant 2 route: [0, 7, 10, 8, 9, 1, 13, 2, 3, 5, 11, 6, 12, 4, 0]
Distance: 4049

Ant 3 route: [0, 7, 10, 8, 9, 1, 13, 2, 3, 5, 11, 6, 12, 4, 0]
Distance: 4049



ITERATION: 156

Ant 0 route: [0, 7, 10, 8, 9, 1, 13, 2, 3, 5, 11, 6, 12, 4, 0]
Distance: 4049

Ant 1 route: [0, 7, 10, 8, 9, 1, 13, 2, 3, 5, 11, 6, 12, 4, 0]
Distance: 4049

Ant 2 route: [0, 7, 10, 8, 9, 1, 13, 2, 3, 5, 11, 6, 12, 4, 0]
Distance: 4049

Ant 3 route: [0, 7, 10, 8, 9, 1, 13, 2, 3, 5, 11, 6, 12, 4, 0]
Distance: 4049



ITERATION: 157

Ant 0 route: [0, 7, 10, 8, 9, 1, 13, 2, 3, 5, 11, 6, 12, 4, 0]
Distance: 4049

Ant 1 route: [0, 7, 10, 8, 9, 1, 13, 2, 3, 5, 11, 6, 12, 4, 0]
Distance: 4049

Ant 2 route: [0, 7, 10, 8, 9, 1, 13, 2, 3, 5, 11, 6, 12, 4, 0]
Distance: 4049

Ant 3 route: [0, 7, 10, 8, 9, 1, 13, 2, 3, 5, 11, 6, 12, 4, 0]
Distance: 4049



ITERATION: 158

Ant 0 route: [0, 7, 10, 8, 9, 1, 13, 2, 3, 5, 11, 6, 12, 4, 0]
Distance: 4049

Ant 1 route: [0, 7, 10, 8, 9, 1, 13, 2, 3, 5, 11, 6, 12, 4, 0]
Distance: 4049

Ant 2 route: [0, 7, 10, 8, 9, 1, 13, 2, 3, 5, 11, 6, 12, 4, 0]
Distance: 4049

Ant 3 route: [0, 7, 10, 8, 9, 1, 13, 2, 3, 5, 11, 6, 12, 4, 0]
Distance: 4049



ITERATION: 159

Ant 0 route: [0, 7, 10, 8, 9, 1, 13, 2, 3, 5, 11, 6, 12, 4, 0]
Distance: 4049

Ant 1 route: [0, 7, 10, 8, 9, 1, 13, 2, 3, 5, 11, 6, 12, 4, 0]
Distance: 4049

Ant 2 route: [0, 7, 10, 8, 9, 1, 13, 2, 3, 5, 11, 6, 12, 4, 0]
Distance: 4049

Ant 3 route: [0, 7, 10, 8, 9, 1, 13, 2, 3, 5, 11, 6, 12, 4, 0]
Distance: 4049



ITERATION: 160

Ant 0 route: [0, 7, 10, 8, 9, 1, 13, 2, 3, 5, 11, 6, 12, 4, 0]
Distance: 4049

Ant 1 route: [0, 7, 10, 8, 9, 1, 13, 2, 3, 5, 11, 6, 12, 4, 0]
Distance: 4049

Ant 2 route: [0, 7, 10, 8, 9, 1, 13, 2, 3, 5, 11, 6, 12, 4, 0]
Distance: 4049

Ant 3 route: [0, 7, 10, 8, 9, 1, 13, 2, 3, 5, 11, 6, 12, 4, 0]
Distance: 4049



ITERATION: 161

Ant 0 route: [0, 7, 10, 8, 9, 1, 13, 2, 3, 5, 11, 6, 12, 4, 0]
Distance: 4049

Ant 1 route: [0, 7, 10, 8, 9, 1, 13, 2, 3, 5, 11, 6, 12, 4, 0]
Distance: 4049

Ant 2 route: [0, 7, 10, 8, 9, 1, 13, 2, 3, 5, 11, 6, 12, 4, 0]
Distance: 4049

Ant 3 route: [0, 7, 10, 8, 9, 1, 13, 2, 3, 5, 11, 6, 12, 4, 0]
Distance: 4049



ITERATION: 162

Ant 0 route: [0, 7, 10, 8, 9, 1, 13, 2, 3, 5, 11, 6, 12, 4, 0]
Distance: 4049

Ant 1 route: [0, 7, 10, 8, 9, 1, 13, 2, 3, 5, 11, 6, 12, 4, 0]
Distance: 4049

Ant 2 route: [0, 7, 10, 8, 9, 1, 13, 2, 3, 5, 11, 6, 12, 4, 0]
Distance: 4049

Ant 3 route: [0, 7, 10, 8, 9, 1, 13, 2, 3, 5, 11, 6, 12, 4, 0]
Distance: 4049



ITERATION: 163

Ant 0 route: [0, 7, 10, 8, 9, 1, 13, 2, 3, 5, 11, 6, 12, 4, 0]
Distance: 4049

Ant 1 route: [0, 7, 10, 8, 9, 1, 13, 2, 3, 5, 11, 6, 12, 4, 0]
Distance: 4049

Ant 2 route: [0, 7, 10, 8, 9, 1, 13, 2, 3, 5, 11, 6, 12, 4, 0]
Distance: 4049

Ant 3 route: [0, 7, 10, 8, 9, 1, 13, 2, 3, 5, 11, 6, 12, 4, 0]
Distance: 4049



ITERATION: 164

Ant 0 route: [0, 7, 10, 8, 9, 1, 13, 2, 3, 5, 11, 6, 12, 4, 0]
Distance: 4049

Ant 1 route: [0, 7, 10, 8, 9, 1, 13, 2, 3, 5, 11, 6, 12, 4, 0]
Distance: 4049

Ant 2 route: [0, 7, 10, 8, 9, 1, 13, 2, 3, 5, 11, 6, 12, 4, 0]
Distance: 4049

Ant 3 route: [0, 7, 10, 8, 9, 1, 13, 2, 3, 5, 11, 6, 12, 4, 0]
Distance: 4049



ITERATION: 165

Ant 0 route: [0, 7, 10, 8, 9, 1, 13, 2, 3, 5, 11, 6, 12, 4, 0]
Distance: 4049

Ant 1 route: [0, 7, 10, 8, 9, 1, 13, 2, 3, 5, 11, 6, 12, 4, 0]
Distance: 4049

Ant 2 route: [0, 7, 10, 8, 9, 1, 13, 2, 3, 5, 11, 6, 12, 4, 0]
Distance: 4049

Ant 3 route: [0, 7, 10, 8, 9, 1, 13, 2, 3, 5, 11, 6, 12, 4, 0]
Distance: 4049



ITERATION: 166

Ant 0 route: [0, 7, 10, 8, 9, 1, 13, 2, 3, 5, 11, 6, 12, 4, 0]
Distance: 4049

Ant 1 route: [0, 7, 10, 8, 9, 1, 13, 2, 3, 5, 11, 6, 12, 4, 0]
Distance: 4049

Ant 2 route: [0, 7, 10, 8, 9, 1, 13, 2, 3, 5, 11, 6, 12, 4, 0]
Distance: 4049

Ant 3 route: [0, 7, 10, 8, 9, 1, 13, 2, 3, 5, 11, 6, 12, 4, 0]
Distance: 4049



ITERATION: 167

Ant 0 route: [0, 7, 10, 8, 9, 1, 13, 2, 3, 5, 11, 6, 12, 4, 0]
Distance: 4049

Ant 1 route: [0, 7, 10, 8, 9, 1, 13, 2, 3, 5, 11, 6, 12, 4, 0]
Distance: 4049

Ant 2 route: [0, 7, 10, 8, 9, 1, 13, 2, 3, 5, 11, 6, 12, 4, 0]
Distance: 4049

Ant 3 route: [0, 7, 10, 8, 9, 1, 13, 2, 3, 5, 11, 6, 12, 4, 0]
Distance: 4049



ITERATION: 168

Ant 0 route: [0, 7, 10, 8, 9, 1, 13, 2, 3, 5, 11, 6, 12, 4, 0]
Distance: 4049

Ant 1 route: [0, 7, 10, 8, 9, 1, 13, 2, 3, 5, 11, 6, 12, 4, 0]
Distance: 4049

Ant 2 route: [0, 7, 10, 8, 9, 1, 13, 2, 3, 5, 11, 6, 12, 4, 0]
Distance: 4049

Ant 3 route: [0, 7, 10, 8, 9, 1, 13, 2, 3, 5, 11, 6, 12, 4, 0]
Distance: 4049



ITERATION: 169

Ant 0 route: [0, 7, 10, 8, 9, 1, 13, 2, 3, 5, 11, 6, 12, 4, 0]
Distance: 4049

Ant 1 route: [0, 7, 10, 8, 9, 1, 13, 2, 3, 5, 11, 6, 12, 4, 0]
Distance: 4049

Ant 2 route: [0, 7, 10, 8, 9, 1, 13, 2, 3, 5, 11, 6, 12, 4, 0]
Distance: 4049

Ant 3 route: [0, 7, 10, 8, 9, 1, 13, 2, 3, 5, 11, 6, 12, 4, 0]
Distance: 4049



ITERATION: 170

Ant 0 route: [0, 7, 10, 8, 9, 1, 13, 2, 3, 5, 11, 6, 12, 4, 0]
Distance: 4049

Ant 1 route: [0, 7, 10, 8, 9, 1, 13, 2, 3, 5, 11, 6, 12, 4, 0]
Distance: 4049

Ant 2 route: [0, 7, 10, 8, 9, 1, 13, 2, 3, 5, 11, 6, 12, 4, 0]
Distance: 4049

Ant 3 route: [0, 7, 10, 8, 9, 1, 13, 2, 3, 5, 11, 6, 12, 4, 0]
Distance: 4049



ITERATION: 171

Ant 0 route: [0, 7, 10, 8, 9, 1, 13, 2, 3, 5, 11, 6, 12, 4, 0]
Distance: 4049

Ant 1 route: [0, 7, 10, 8, 9, 1, 13, 2, 3, 5, 11, 6, 12, 4, 0]
Distance: 4049

Ant 2 route: [0, 7, 10, 8, 9, 1, 13, 2, 3, 5, 11, 6, 12, 4, 0]
Distance: 4049

Ant 3 route: [0, 7, 10, 8, 9, 1, 13, 2, 3, 5, 11, 6, 12, 4, 0]
Distance: 4049



ITERATION: 172

Ant 0 route: [0, 7, 10, 8, 9, 1, 13, 2, 3, 5, 11, 6, 12, 4, 0]
Distance: 4049

Ant 1 route: [0, 7, 10, 8, 9, 1, 13, 2, 3, 5, 11, 6, 12, 4, 0]
Distance: 4049

Ant 2 route: [0, 7, 10, 8, 9, 1, 13, 2, 3, 5, 11, 6, 12, 4, 0]
Distance: 4049

Ant 3 route: [0, 7, 10, 8, 9, 1, 13, 2, 3, 5, 11, 6, 12, 4, 0]
Distance: 4049



ITERATION: 173

Ant 0 route: [0, 7, 10, 8, 9, 1, 13, 2, 3, 5, 11, 6, 12, 4, 0]
Distance: 4049

Ant 1 route: [0, 7, 10, 8, 9, 1, 13, 2, 3, 5, 11, 6, 12, 4, 0]
Distance: 4049

Ant 2 route: [0, 7, 10, 8, 9, 1, 13, 2, 3, 5, 11, 6, 12, 4, 0]
Distance: 4049

Ant 3 route: [0, 7, 10, 8, 9, 1, 13, 2, 3, 5, 11, 6, 12, 4, 0]
Distance: 4049



ITERATION: 174

Ant 0 route: [0, 7, 10, 8, 9, 1, 13, 2, 3, 5, 11, 6, 12, 4, 0]
Distance: 4049

Ant 1 route: [0, 7, 10, 8, 9, 1, 13, 2, 3, 5, 11, 6, 12, 4, 0]
Distance: 4049

Ant 2 route: [0, 7, 10, 8, 9, 1, 13, 2, 3, 5, 11, 6, 12, 4, 0]
Distance: 4049

Ant 3 route: [0, 7, 10, 8, 9, 1, 13, 2, 3, 5, 11, 6, 12, 4, 0]
Distance: 4049



ITERATION: 175

Ant 0 route: [0, 7, 10, 8, 9, 1, 13, 2, 3, 5, 11, 6, 12, 4, 0]
Distance: 4049

Ant 1 route: [0, 7, 10, 8, 9, 1, 13, 2, 3, 5, 11, 6, 12, 4, 0]
Distance: 4049

Ant 2 route: [0, 7, 10, 8, 9, 1, 13, 2, 3, 5, 11, 6, 12, 4, 0]
Distance: 4049

Ant 3 route: [0, 7, 10, 8, 9, 1, 13, 2, 3, 5, 11, 6, 12, 4, 0]
Distance: 4049



ITERATION: 176

Ant 0 route: [0, 7, 10, 8, 9, 1, 13, 2, 3, 5, 11, 6, 12, 4, 0]
Distance: 4049

Ant 1 route: [0, 7, 10, 8, 9, 1, 13, 2, 3, 5, 11, 6, 12, 4, 0]
Distance: 4049

Ant 2 route: [0, 7, 10, 8, 9, 1, 13, 2, 3, 5, 11, 6, 12, 4, 0]
Distance: 4049

Ant 3 route: [0, 7, 10, 8, 9, 1, 13, 2, 3, 5, 11, 6, 12, 4, 0]
Distance: 4049



ITERATION: 177

Ant 0 route: [0, 7, 10, 8, 9, 1, 13, 2, 3, 5, 11, 6, 12, 4, 0]
Distance: 4049

Ant 1 route: [0, 7, 10, 8, 9, 1, 13, 2, 3, 5, 11, 6, 12, 4, 0]
Distance: 4049

Ant 2 route: [0, 7, 10, 8, 9, 1, 13, 2, 3, 5, 11, 6, 12, 4, 0]
Distance: 4049

Ant 3 route: [0, 7, 10, 8, 9, 1, 13, 2, 3, 5, 11, 6, 12, 4, 0]
Distance: 4049



ITERATION: 178

Ant 0 route: [0, 7, 10, 8, 9, 1, 13, 2, 3, 5, 11, 6, 12, 4, 0]
Distance: 4049

Ant 1 route: [0, 7, 10, 8, 9, 1, 13, 2, 3, 5, 11, 6, 12, 4, 0]
Distance: 4049

Ant 2 route: [0, 7, 10, 8, 9, 1, 13, 2, 3, 5, 11, 6, 12, 4, 0]
Distance: 4049

Ant 3 route: [0, 7, 10, 8, 9, 1, 13, 2, 3, 5, 11, 6, 12, 4, 0]
Distance: 4049



ITERATION: 179

Ant 0 route: [0, 7, 10, 8, 9, 1, 13, 2, 3, 5, 11, 6, 12, 4, 0]
Distance: 4049

Ant 1 route: [0, 7, 10, 8, 9, 1, 13, 2, 3, 5, 11, 6, 12, 4, 0]
Distance: 4049

Ant 2 route: [0, 7, 10, 8, 9, 1, 13, 2, 3, 5, 11, 6, 12, 4, 0]
Distance: 4049

Ant 3 route: [0, 7, 10, 8, 9, 1, 13, 2, 3, 5, 11, 6, 12, 4, 0]
Distance: 4049



ITERATION: 180

Ant 0 route: [0, 7, 10, 8, 9, 1, 13, 2, 3, 5, 11, 6, 12, 4, 0]
Distance: 4049

Ant 1 route: [0, 7, 10, 8, 9, 1, 13, 2, 3, 5, 11, 6, 12, 4, 0]
Distance: 4049

Ant 2 route: [0, 7, 10, 8, 9, 1, 13, 2, 3, 5, 11, 6, 12, 4, 0]
Distance: 4049

Ant 3 route: [0, 7, 10, 8, 9, 1, 13, 2, 3, 5, 11, 6, 12, 4, 0]
Distance: 4049



ITERATION: 181

Ant 0 route: [0, 7, 10, 8, 9, 1, 13, 2, 3, 5, 11, 6, 12, 4, 0]
Distance: 4049

Ant 1 route: [0, 7, 10, 8, 9, 1, 13, 2, 3, 5, 11, 6, 12, 4, 0]
Distance: 4049

Ant 2 route: [0, 7, 10, 8, 9, 1, 13, 2, 3, 5, 11, 6, 12, 4, 0]
Distance: 4049

Ant 3 route: [0, 7, 10, 8, 9, 1, 13, 2, 3, 5, 11, 6, 12, 4, 0]
Distance: 4049



ITERATION: 182

Ant 0 route: [0, 7, 10, 8, 9, 1, 13, 2, 3, 5, 11, 6, 12, 4, 0]
Distance: 4049

Ant 1 route: [0, 7, 10, 8, 9, 1, 13, 2, 3, 5, 11, 6, 12, 4, 0]
Distance: 4049

Ant 2 route: [0, 7, 10, 8, 9, 1, 13, 2, 3, 5, 11, 6, 12, 4, 0]
Distance: 4049

Ant 3 route: [0, 7, 10, 8, 9, 1, 13, 2, 3, 5, 11, 6, 12, 4, 0]
Distance: 4049



ITERATION: 183

Ant 0 route: [0, 7, 10, 8, 9, 1, 13, 2, 3, 5, 11, 6, 12, 4, 0]
Distance: 4049

Ant 1 route: [0, 7, 10, 8, 9, 1, 13, 2, 3, 5, 11, 6, 12, 4, 0]
Distance: 4049

Ant 2 route: [0, 7, 10, 8, 9, 1, 13, 2, 3, 5, 11, 6, 12, 4, 0]
Distance: 4049

Ant 3 route: [0, 7, 10, 8, 9, 1, 13, 2, 3, 5, 11, 6, 12, 4, 0]
Distance: 4049



ITERATION: 184

Ant 0 route: [0, 7, 10, 8, 9, 1, 13, 2, 3, 5, 11, 6, 12, 4, 0]
Distance: 4049

Ant 1 route: [0, 7, 10, 8, 9, 1, 13, 2, 3, 5, 11, 6, 12, 4, 0]
Distance: 4049

Ant 2 route: [0, 7, 10, 8, 9, 1, 13, 2, 3, 5, 11, 6, 12, 4, 0]
Distance: 4049

Ant 3 route: [0, 7, 10, 8, 9, 1, 13, 2, 3, 5, 11, 6, 12, 4, 0]
Distance: 4049



ITERATION: 185

Ant 0 route: [0, 7, 10, 8, 9, 1, 13, 2, 3, 5, 11, 6, 12, 4, 0]
Distance: 4049

Ant 1 route: [0, 7, 10, 8, 9, 1, 13, 2, 3, 5, 11, 6, 12, 4, 0]
Distance: 4049

Ant 2 route: [0, 7, 10, 8, 9, 1, 13, 2, 3, 5, 11, 6, 12, 4, 0]
Distance: 4049

Ant 3 route: [0, 7, 10, 8, 9, 1, 13, 2, 3, 5, 11, 6, 12, 4, 0]
Distance: 4049



ITERATION: 186

Ant 0 route: [0, 7, 10, 8, 9, 1, 13, 2, 3, 5, 11, 6, 12, 4, 0]
Distance: 4049

Ant 1 route: [0, 7, 10, 8, 9, 1, 13, 2, 3, 5, 11, 6, 12, 4, 0]
Distance: 4049

Ant 2 route: [0, 7, 10, 8, 9, 1, 13, 2, 3, 5, 11, 6, 12, 4, 0]
Distance: 4049

Ant 3 route: [0, 7, 10, 8, 9, 1, 13, 2, 3, 5, 11, 6, 12, 4, 0]
Distance: 4049



ITERATION: 187

Ant 0 route: [0, 7, 10, 8, 9, 1, 13, 2, 3, 5, 11, 6, 12, 4, 0]
Distance: 4049

Ant 1 route: [0, 7, 10, 8, 9, 1, 13, 2, 3, 5, 11, 6, 12, 4, 0]
Distance: 4049

Ant 2 route: [0, 7, 10, 8, 9, 1, 13, 2, 3, 5, 11, 6, 12, 4, 0]
Distance: 4049

Ant 3 route: [0, 7, 10, 8, 9, 1, 13, 2, 3, 5, 11, 6, 12, 4, 0]
Distance: 4049



ITERATION: 188

Ant 0 route: [0, 7, 10, 8, 9, 1, 13, 2, 3, 5, 11, 6, 12, 4, 0]
Distance: 4049

Ant 1 route: [0, 7, 10, 8, 9, 1, 13, 2, 3, 5, 11, 6, 12, 4, 0]
Distance: 4049

Ant 2 route: [0, 7, 10, 8, 9, 1, 13, 2, 3, 5, 11, 6, 12, 4, 0]
Distance: 4049

Ant 3 route: [0, 7, 10, 8, 9, 1, 13, 2, 3, 5, 11, 6, 12, 4, 0]
Distance: 4049



ITERATION: 189

Ant 0 route: [0, 7, 10, 8, 9, 1, 13, 2, 3, 5, 11, 6, 12, 4, 0]
Distance: 4049

Ant 1 route: [0, 7, 10, 8, 9, 1, 13, 2, 3, 5, 11, 6, 12, 4, 0]
Distance: 4049

Ant 2 route: [0, 7, 10, 8, 9, 1, 13, 2, 3, 5, 11, 6, 12, 4, 0]
Distance: 4049

Ant 3 route: [0, 7, 10, 8, 9, 1, 13, 2, 3, 5, 11, 6, 12, 4, 0]
Distance: 4049



ITERATION: 190

Ant 0 route: [0, 7, 10, 8, 9, 1, 13, 2, 3, 5, 11, 6, 12, 4, 0]
Distance: 4049

Ant 1 route: [0, 7, 10, 8, 9, 1, 13, 2, 3, 5, 11, 6, 12, 4, 0]
Distance: 4049

Ant 2 route: [0, 7, 10, 8, 9, 1, 13, 2, 3, 5, 11, 6, 12, 4, 0]
Distance: 4049

Ant 3 route: [0, 7, 10, 8, 9, 1, 13, 2, 3, 5, 11, 6, 12, 4, 0]
Distance: 4049



ITERATION: 191

Ant 0 route: [0, 7, 10, 8, 9, 1, 13, 2, 3, 5, 11, 6, 12, 4, 0]
Distance: 4049

Ant 1 route: [0, 7, 10, 8, 9, 1, 13, 2, 3, 5, 11, 6, 12, 4, 0]
Distance: 4049

Ant 2 route: [0, 7, 10, 8, 9, 1, 13, 2, 3, 5, 11, 6, 12, 4, 0]
Distance: 4049

Ant 3 route: [0, 7, 10, 8, 9, 1, 13, 2, 3, 5, 11, 6, 12, 4, 0]
Distance: 4049



ITERATION: 192

Ant 0 route: [0, 7, 10, 8, 9, 1, 13, 2, 3, 5, 11, 6, 12, 4, 0]
Distance: 4049

Ant 1 route: [0, 7, 10, 8, 9, 1, 13, 2, 3, 5, 11, 6, 12, 4, 0]
Distance: 4049

Ant 2 route: [0, 7, 10, 8, 9, 1, 13, 2, 3, 5, 11, 6, 12, 4, 0]
Distance: 4049

Ant 3 route: [0, 7, 10, 8, 9, 1, 13, 2, 3, 5, 11, 6, 12, 4, 0]
Distance: 4049



ITERATION: 193

Ant 0 route: [0, 7, 10, 8, 9, 1, 13, 2, 3, 5, 11, 6, 12, 4, 0]
Distance: 4049

Ant 1 route: [0, 7, 10, 8, 9, 1, 13, 2, 3, 5, 11, 6, 12, 4, 0]
Distance: 4049

Ant 2 route: [0, 7, 10, 8, 9, 1, 13, 2, 3, 5, 11, 6, 12, 4, 0]
Distance: 4049

Ant 3 route: [0, 7, 10, 8, 9, 1, 13, 2, 3, 5, 11, 6, 12, 4, 0]
Distance: 4049



ITERATION: 194

Ant 0 route: [0, 7, 10, 8, 9, 1, 13, 2, 3, 5, 11, 6, 12, 4, 0]
Distance: 4049

Ant 1 route: [0, 7, 10, 8, 9, 1, 13, 2, 3, 5, 11, 6, 12, 4, 0]
Distance: 4049

Ant 2 route: [0, 7, 10, 8, 9, 1, 13, 2, 3, 5, 11, 6, 12, 4, 0]
Distance: 4049

Ant 3 route: [0, 7, 10, 8, 9, 1, 13, 2, 3, 5, 11, 6, 12, 4, 0]
Distance: 4049



ITERATION: 195

Ant 0 route: [0, 7, 10, 8, 9, 1, 13, 2, 3, 5, 11, 6, 12, 4, 0]
Distance: 4049

Ant 1 route: [0, 7, 10, 8, 9, 1, 13, 2, 3, 5, 11, 6, 12, 4, 0]
Distance: 4049

Ant 2 route: [0, 7, 10, 8, 9, 1, 13, 2, 3, 5, 11, 6, 12, 4, 0]
Distance: 4049

Ant 3 route: [0, 7, 10, 8, 9, 1, 13, 2, 3, 5, 11, 6, 12, 4, 0]
Distance: 4049



ITERATION: 196

Ant 0 route: [0, 7, 10, 8, 9, 1, 13, 2, 3, 5, 11, 6, 12, 4, 0]
Distance: 4049

Ant 1 route: [0, 7, 10, 8, 9, 1, 13, 2, 3, 5, 11, 6, 12, 4, 0]
Distance: 4049

Ant 2 route: [0, 7, 10, 8, 9, 1, 13, 2, 3, 5, 11, 6, 12, 4, 0]
Distance: 4049

Ant 3 route: [0, 7, 10, 8, 9, 1, 13, 2, 3, 5, 11, 6, 12, 4, 0]
Distance: 4049



ITERATION: 197

Ant 0 route: [0, 7, 10, 8, 9, 1, 13, 2, 3, 5, 11, 6, 12, 4, 0]
Distance: 4049

Ant 1 route: [0, 7, 10, 8, 9, 1, 13, 2, 3, 5, 11, 6, 12, 4, 0]
Distance: 4049

Ant 2 route: [0, 7, 10, 8, 9, 1, 13, 2, 3, 5, 11, 6, 12, 4, 0]
Distance: 4049

Ant 3 route: [0, 7, 10, 8, 9, 1, 13, 2, 3, 5, 11, 6, 12, 4, 0]
Distance: 4049



ITERATION: 198

Ant 0 route: [0, 7, 10, 8, 9, 1, 13, 2, 3, 5, 11, 6, 12, 4, 0]
Distance: 4049

Ant 1 route: [0, 7, 10, 8, 9, 1, 13, 2, 3, 5, 11, 6, 12, 4, 0]
Distance: 4049

Ant 2 route: [0, 7, 10, 8, 9, 1, 13, 2, 3, 5, 11, 6, 12, 4, 0]
Distance: 4049

Ant 3 route: [0, 7, 10, 8, 9, 1, 13, 2, 3, 5, 11, 6, 12, 4, 0]
Distance: 4049



ITERATION: 199

Ant 0 route: [0, 7, 10, 8, 9, 1, 13, 2, 3, 5, 11, 6, 12, 4, 0]
Distance: 4049

Ant 1 route: [0, 7, 10, 8, 9, 1, 13, 2, 3, 5, 11, 6, 12, 4, 0]
Distance: 4049

Ant 2 route: [0, 7, 10, 8, 9, 1, 13, 2, 3, 5, 11, 6, 12, 4, 0]
Distance: 4049

Ant 3 route: [0, 7, 10, 8, 9, 1, 13, 2, 3, 5, 11, 6, 12, 4, 0]
Distance: 4049



ITERATION: 200

Ant 0 route: [0, 7, 10, 8, 9, 1, 13, 2, 3, 5, 11, 6, 12, 4, 0]
Distance: 4049

Ant 1 route: [0, 7, 10, 8, 9, 1, 13, 2, 3, 5, 11, 6, 12, 4, 0]
Distance: 4049

Ant 2 route: [0, 7, 10, 8, 9, 1, 13, 2, 3, 5, 11, 6, 12, 4, 0]
Distance: 4049

Ant 3 route: [0, 7, 10, 8, 9, 1, 13, 2, 3, 5, 11, 6, 12, 4, 0]
Distance: 4049



ITERATION: 201

Ant 0 route: [0, 7, 10, 8, 9, 1, 13, 2, 3, 5, 11, 6, 12, 4, 0]
Distance: 4049

Ant 1 route: [0, 7, 10, 8, 9, 1, 13, 2, 3, 5, 11, 6, 12, 4, 0]
Distance: 4049

Ant 2 route: [0, 7, 10, 8, 9, 1, 13, 2, 3, 5, 11, 6, 12, 4, 0]
Distance: 4049

Ant 3 route: [0, 7, 10, 8, 9, 1, 13, 2, 3, 5, 11, 6, 12, 4, 0]
Distance: 4049



ITERATION: 202

Ant 0 route: [0, 7, 10, 8, 9, 1, 13, 2, 3, 5, 11, 6, 12, 4, 0]
Distance: 4049

Ant 1 route: [0, 7, 10, 8, 9, 1, 13, 2, 3, 5, 11, 6, 12, 4, 0]
Distance: 4049

Ant 2 route: [0, 7, 10, 8, 9, 1, 13, 2, 3, 5, 11, 6, 12, 4, 0]
Distance: 4049

Ant 3 route: [0, 7, 10, 8, 9, 1, 13, 2, 3, 5, 11, 6, 12, 4, 0]
Distance: 4049



ITERATION: 203

Ant 0 route: [0, 7, 10, 8, 9, 1, 13, 2, 3, 5, 11, 6, 12, 4, 0]
Distance: 4049

Ant 1 route: [0, 7, 10, 8, 9, 1, 13, 2, 3, 5, 11, 6, 12, 4, 0]
Distance: 4049

Ant 2 route: [0, 7, 10, 8, 9, 1, 13, 2, 3, 5, 11, 6, 12, 4, 0]
Distance: 4049

Ant 3 route: [0, 7, 10, 8, 9, 1, 13, 2, 3, 5, 11, 6, 12, 4, 0]
Distance: 4049



ITERATION: 204

Ant 0 route: [0, 7, 10, 8, 9, 1, 13, 2, 3, 5, 11, 6, 12, 4, 0]
Distance: 4049

Ant 1 route: [0, 7, 10, 8, 9, 1, 13, 2, 3, 5, 11, 6, 12, 4, 0]
Distance: 4049

Ant 2 route: [0, 7, 10, 8, 9, 1, 13, 2, 3, 5, 11, 6, 12, 4, 0]
Distance: 4049

Ant 3 route: [0, 7, 10, 8, 9, 1, 13, 2, 3, 5, 11, 6, 12, 4, 0]
Distance: 4049



ITERATION: 205

Ant 0 route: [0, 7, 10, 8, 9, 1, 13, 2, 3, 5, 11, 6, 12, 4, 0]
Distance: 4049

Ant 1 route: [0, 7, 10, 8, 9, 1, 13, 2, 3, 5, 11, 6, 12, 4, 0]
Distance: 4049

Ant 2 route: [0, 7, 10, 8, 9, 1, 13, 2, 3, 5, 11, 6, 12, 4, 0]
Distance: 4049

Ant 3 route: [0, 7, 10, 8, 9, 1, 13, 2, 3, 5, 11, 6, 12, 4, 0]
Distance: 4049



ITERATION: 206

Ant 0 route: [0, 7, 10, 8, 9, 1, 13, 2, 3, 5, 11, 6, 12, 4, 0]
Distance: 4049

Ant 1 route: [0, 7, 10, 8, 9, 1, 13, 2, 3, 5, 11, 6, 12, 4, 0]
Distance: 4049

Ant 2 route: [0, 7, 10, 8, 9, 1, 13, 2, 3, 5, 11, 6, 12, 4, 0]
Distance: 4049

Ant 3 route: [0, 7, 10, 8, 9, 1, 13, 2, 3, 5, 11, 6, 12, 4, 0]
Distance: 4049



ITERATION: 207

Ant 0 route: [0, 7, 10, 8, 9, 1, 13, 2, 3, 5, 11, 6, 12, 4, 0]
Distance: 4049

Ant 1 route: [0, 7, 10, 8, 9, 1, 13, 2, 3, 5, 11, 6, 12, 4, 0]
Distance: 4049

Ant 2 route: [0, 7, 10, 8, 9, 1, 13, 2, 3, 5, 11, 6, 12, 4, 0]
Distance: 4049

Ant 3 route: [0, 7, 10, 8, 9, 1, 13, 2, 3, 5, 11, 6, 12, 4, 0]
Distance: 4049



ITERATION: 208

Ant 0 route: [0, 7, 10, 8, 9, 1, 13, 2, 3, 5, 11, 6, 12, 4, 0]
Distance: 4049

Ant 1 route: [0, 7, 10, 8, 9, 1, 13, 2, 3, 5, 11, 6, 12, 4, 0]
Distance: 4049

Ant 2 route: [0, 7, 10, 8, 9, 1, 13, 2, 3, 5, 11, 6, 12, 4, 0]
Distance: 4049

Ant 3 route: [0, 7, 10, 8, 9, 1, 13, 2, 3, 5, 11, 6, 12, 4, 0]
Distance: 4049



ITERATION: 209

Ant 0 route: [0, 7, 10, 8, 9, 1, 13, 2, 3, 5, 11, 6, 12, 4, 0]
Distance: 4049

Ant 1 route: [0, 7, 10, 8, 9, 1, 13, 2, 3, 5, 11, 6, 12, 4, 0]
Distance: 4049

Ant 2 route: [0, 7, 10, 8, 9, 1, 13, 2, 3, 5, 11, 6, 12, 4, 0]
Distance: 4049

Ant 3 route: [0, 7, 10, 8, 9, 1, 13, 2, 3, 5, 11, 6, 12, 4, 0]
Distance: 4049



ITERATION: 210

Ant 0 route: [0, 7, 10, 8, 9, 1, 13, 2, 3, 5, 11, 6, 12, 4, 0]
Distance: 4049

Ant 1 route: [0, 7, 10, 8, 9, 1, 13, 2, 3, 5, 11, 6, 12, 4, 0]
Distance: 4049

Ant 2 route: [0, 7, 10, 8, 9, 1, 13, 2, 3, 5, 11, 6, 12, 4, 0]
Distance: 4049

Ant 3 route: [0, 7, 10, 8, 9, 1, 13, 2, 3, 5, 11, 6, 12, 4, 0]
Distance: 4049



ITERATION: 211

Ant 0 route: [0, 7, 10, 8, 9, 1, 13, 2, 3, 5, 11, 6, 12, 4, 0]
Distance: 4049

Ant 1 route: [0, 7, 10, 8, 9, 1, 13, 2, 3, 5, 11, 6, 12, 4, 0]
Distance: 4049

Ant 2 route: [0, 7, 10, 8, 9, 1, 13, 2, 3, 5, 11, 6, 12, 4, 0]
Distance: 4049

Ant 3 route: [0, 7, 10, 8, 9, 1, 13, 2, 3, 5, 11, 6, 12, 4, 0]
Distance: 4049



ITERATION: 212

Ant 0 route: [0, 7, 10, 8, 9, 1, 13, 2, 3, 5, 11, 6, 12, 4, 0]
Distance: 4049

Ant 1 route: [0, 7, 10, 8, 9, 1, 13, 2, 3, 5, 11, 6, 12, 4, 0]
Distance: 4049

Ant 2 route: [0, 7, 10, 8, 9, 1, 13, 2, 3, 5, 11, 6, 12, 4, 0]
Distance: 4049

Ant 3 route: [0, 7, 10, 8, 9, 1, 13, 2, 3, 5, 11, 6, 12, 4, 0]
Distance: 4049



ITERATION: 213

Ant 0 route: [0, 7, 10, 8, 9, 1, 13, 2, 3, 5, 11, 6, 12, 4, 0]
Distance: 4049

Ant 1 route: [0, 7, 10, 8, 9, 1, 13, 2, 3, 5, 11, 6, 12, 4, 0]
Distance: 4049

Ant 2 route: [0, 7, 10, 8, 9, 1, 13, 2, 3, 5, 11, 6, 12, 4, 0]
Distance: 4049

Ant 3 route: [0, 7, 10, 8, 9, 1, 13, 2, 3, 5, 11, 6, 12, 4, 0]
Distance: 4049



ITERATION: 214

Ant 0 route: [0, 7, 10, 8, 9, 1, 13, 2, 3, 5, 11, 6, 12, 4, 0]
Distance: 4049

Ant 1 route: [0, 7, 10, 8, 9, 1, 13, 2, 3, 5, 11, 6, 12, 4, 0]
Distance: 4049

Ant 2 route: [0, 7, 10, 8, 9, 1, 13, 2, 3, 5, 11, 6, 12, 4, 0]
Distance: 4049

Ant 3 route: [0, 7, 10, 8, 9, 1, 13, 2, 3, 5, 11, 6, 12, 4, 0]
Distance: 4049



ITERATION: 215

Ant 0 route: [0, 7, 10, 8, 9, 1, 13, 2, 3, 5, 11, 6, 12, 4, 0]
Distance: 4049

Ant 1 route: [0, 7, 10, 8, 9, 1, 13, 2, 3, 5, 11, 6, 12, 4, 0]
Distance: 4049

Ant 2 route: [0, 7, 10, 8, 9, 1, 13, 2, 3, 5, 11, 6, 12, 4, 0]
Distance: 4049

Ant 3 route: [0, 7, 10, 8, 9, 1, 13, 2, 3, 5, 11, 6, 12, 4, 0]
Distance: 4049



ITERATION: 216

Ant 0 route: [0, 7, 10, 8, 9, 1, 13, 2, 3, 5, 11, 6, 12, 4, 0]
Distance: 4049

Ant 1 route: [0, 7, 10, 8, 9, 1, 13, 2, 3, 5, 11, 6, 12, 4, 0]
Distance: 4049

Ant 2 route: [0, 7, 10, 8, 9, 1, 13, 2, 3, 5, 11, 6, 12, 4, 0]
Distance: 4049

Ant 3 route: [0, 7, 10, 8, 9, 1, 13, 2, 3, 5, 11, 6, 12, 4, 0]
Distance: 4049



ITERATION: 217

Ant 0 route: [0, 7, 10, 8, 9, 1, 13, 2, 3, 5, 11, 6, 12, 4, 0]
Distance: 4049

Ant 1 route: [0, 7, 10, 8, 9, 1, 13, 2, 3, 5, 11, 6, 12, 4, 0]
Distance: 4049

Ant 2 route: [0, 7, 10, 8, 9, 1, 13, 2, 3, 5, 11, 6, 12, 4, 0]
Distance: 4049

Ant 3 route: [0, 7, 10, 8, 9, 1, 13, 2, 3, 5, 11, 6, 12, 4, 0]
Distance: 4049



ITERATION: 218

Ant 0 route: [0, 7, 10, 8, 9, 1, 13, 2, 3, 5, 11, 6, 12, 4, 0]
Distance: 4049

Ant 1 route: [0, 7, 10, 8, 9, 1, 13, 2, 3, 5, 11, 6, 12, 4, 0]
Distance: 4049

Ant 2 route: [0, 7, 10, 8, 9, 1, 13, 2, 3, 5, 11, 6, 12, 4, 0]
Distance: 4049

Ant 3 route: [0, 7, 10, 8, 9, 1, 13, 2, 3, 5, 11, 6, 12, 4, 0]
Distance: 4049



ITERATION: 219

Ant 0 route: [0, 7, 10, 8, 9, 1, 13, 2, 3, 5, 11, 6, 12, 4, 0]
Distance: 4049

Ant 1 route: [0, 7, 10, 8, 9, 1, 13, 2, 3, 5, 11, 6, 12, 4, 0]
Distance: 4049

Ant 2 route: [0, 7, 10, 8, 9, 1, 13, 2, 3, 5, 11, 6, 12, 4, 0]
Distance: 4049

Ant 3 route: [0, 7, 10, 8, 9, 1, 13, 2, 3, 5, 11, 6, 12, 4, 0]
Distance: 4049



ITERATION: 220

Ant 0 route: [0, 7, 10, 8, 9, 1, 13, 2, 3, 5, 11, 6, 12, 4, 0]
Distance: 4049

Ant 1 route: [0, 7, 10, 8, 9, 1, 13, 2, 3, 5, 11, 6, 12, 4, 0]
Distance: 4049

Ant 2 route: [0, 7, 10, 8, 9, 1, 13, 2, 3, 5, 11, 6, 12, 4, 0]
Distance: 4049

Ant 3 route: [0, 7, 10, 8, 9, 1, 13, 2, 3, 5, 11, 6, 12, 4, 0]
Distance: 4049



ITERATION: 221

Ant 0 route: [0, 7, 10, 8, 9, 1, 13, 2, 3, 5, 11, 6, 12, 4, 0]
Distance: 4049

Ant 1 route: [0, 7, 10, 8, 9, 1, 13, 2, 3, 5, 11, 6, 12, 4, 0]
Distance: 4049

Ant 2 route: [0, 7, 10, 8, 9, 1, 13, 2, 3, 5, 11, 6, 12, 4, 0]
Distance: 4049

Ant 3 route: [0, 7, 10, 8, 9, 1, 13, 2, 3, 5, 11, 6, 12, 4, 0]
Distance: 4049



ITERATION: 222

Ant 0 route: [0, 7, 10, 8, 9, 1, 13, 2, 3, 5, 11, 6, 12, 4, 0]
Distance: 4049

Ant 1 route: [0, 7, 10, 8, 9, 1, 13, 2, 3, 5, 11, 6, 12, 4, 0]
Distance: 4049

Ant 2 route: [0, 7, 10, 8, 9, 1, 13, 2, 3, 5, 11, 6, 12, 4, 0]
Distance: 4049

Ant 3 route: [0, 7, 10, 8, 9, 1, 13, 2, 3, 5, 11, 6, 12, 4, 0]
Distance: 4049



ITERATION: 223

Ant 0 route: [0, 7, 10, 8, 9, 1, 13, 2, 3, 5, 11, 6, 12, 4, 0]
Distance: 4049

Ant 1 route: [0, 7, 10, 8, 9, 1, 13, 2, 3, 5, 11, 6, 12, 4, 0]
Distance: 4049

Ant 2 route: [0, 7, 10, 8, 9, 1, 13, 2, 3, 5, 11, 6, 12, 4, 0]
Distance: 4049

Ant 3 route: [0, 7, 10, 8, 9, 1, 13, 2, 3, 5, 11, 6, 12, 4, 0]
Distance: 4049



ITERATION: 224

Ant 0 route: [0, 7, 10, 8, 9, 1, 13, 2, 3, 5, 11, 6, 12, 4, 0]
Distance: 4049

Ant 1 route: [0, 7, 10, 8, 9, 1, 13, 2, 3, 5, 11, 6, 12, 4, 0]
Distance: 4049

Ant 2 route: [0, 7, 10, 8, 9, 1, 13, 2, 3, 5, 11, 6, 12, 4, 0]
Distance: 4049

Ant 3 route: [0, 7, 10, 8, 9, 1, 13, 2, 3, 5, 11, 6, 12, 4, 0]
Distance: 4049



ITERATION: 225

Ant 0 route: [0, 7, 10, 8, 9, 1, 13, 2, 3, 5, 11, 6, 12, 4, 0]
Distance: 4049

Ant 1 route: [0, 7, 10, 8, 9, 1, 13, 2, 3, 5, 11, 6, 12, 4, 0]
Distance: 4049

Ant 2 route: [0, 7, 10, 8, 9, 1, 13, 2, 3, 5, 11, 6, 12, 4, 0]
Distance: 4049

Ant 3 route: [0, 7, 10, 8, 9, 1, 13, 2, 3, 5, 11, 6, 12, 4, 0]
Distance: 4049



ITERATION: 226

Ant 0 route: [0, 7, 10, 8, 9, 1, 13, 2, 3, 5, 11, 6, 12, 4, 0]
Distance: 4049

Ant 1 route: [0, 7, 10, 8, 9, 1, 13, 2, 3, 5, 11, 6, 12, 4, 0]
Distance: 4049

Ant 2 route: [0, 7, 10, 8, 9, 1, 13, 2, 3, 5, 11, 6, 12, 4, 0]
Distance: 4049

Ant 3 route: [0, 7, 10, 8, 9, 1, 13, 2, 3, 5, 11, 6, 12, 4, 0]
Distance: 4049



ITERATION: 227

Ant 0 route: [0, 7, 10, 8, 9, 1, 13, 2, 3, 5, 11, 6, 12, 4, 0]
Distance: 4049

Ant 1 route: [0, 7, 10, 8, 9, 1, 13, 2, 3, 5, 11, 6, 12, 4, 0]
Distance: 4049

Ant 2 route: [0, 7, 10, 8, 9, 1, 13, 2, 3, 5, 11, 6, 12, 4, 0]
Distance: 4049

Ant 3 route: [0, 7, 10, 8, 9, 1, 13, 2, 3, 5, 11, 6, 12, 4, 0]
Distance: 4049



ITERATION: 228

Ant 0 route: [0, 7, 10, 8, 9, 1, 13, 2, 3, 5, 11, 6, 12, 4, 0]
Distance: 4049

Ant 1 route: [0, 7, 10, 8, 9, 1, 13, 2, 3, 5, 11, 6, 12, 4, 0]
Distance: 4049

Ant 2 route: [0, 7, 10, 8, 9, 1, 13, 2, 3, 5, 11, 6, 12, 4, 0]
Distance: 4049

Ant 3 route: [0, 7, 10, 8, 9, 1, 13, 2, 3, 5, 11, 6, 12, 4, 0]
Distance: 4049



ITERATION: 229

Ant 0 route: [0, 7, 10, 8, 9, 1, 13, 2, 3, 5, 11, 6, 12, 4, 0]
Distance: 4049

Ant 1 route: [0, 7, 10, 8, 9, 1, 13, 2, 3, 5, 11, 6, 12, 4, 0]
Distance: 4049

Ant 2 route: [0, 7, 10, 8, 9, 1, 13, 2, 3, 5, 11, 6, 12, 4, 0]
Distance: 4049

Ant 3 route: [0, 7, 10, 8, 9, 1, 13, 2, 3, 5, 11, 6, 12, 4, 0]
Distance: 4049



ITERATION: 230

Ant 0 route: [0, 7, 10, 8, 9, 1, 13, 2, 3, 5, 11, 6, 12, 4, 0]
Distance: 4049

Ant 1 route: [0, 7, 10, 8, 9, 1, 13, 2, 3, 5, 11, 6, 12, 4, 0]
Distance: 4049

Ant 2 route: [0, 7, 10, 8, 9, 1, 13, 2, 3, 5, 11, 6, 12, 4, 0]
Distance: 4049

Ant 3 route: [0, 7, 10, 8, 9, 1, 13, 2, 3, 5, 11, 6, 12, 4, 0]
Distance: 4049



ITERATION: 231

Ant 0 route: [0, 7, 10, 8, 9, 1, 13, 2, 3, 5, 11, 6, 12, 4, 0]
Distance: 4049

Ant 1 route: [0, 7, 10, 8, 9, 1, 13, 2, 3, 5, 11, 6, 12, 4, 0]
Distance: 4049

Ant 2 route: [0, 7, 10, 8, 9, 1, 13, 2, 3, 5, 11, 6, 12, 4, 0]
Distance: 4049

Ant 3 route: [0, 7, 10, 8, 9, 1, 13, 2, 3, 5, 11, 6, 12, 4, 0]
Distance: 4049



ITERATION: 232

Ant 0 route: [0, 7, 10, 8, 9, 1, 13, 2, 3, 5, 11, 6, 12, 4, 0]
Distance: 4049

Ant 1 route: [0, 7, 10, 8, 9, 1, 13, 2, 3, 5, 11, 6, 12, 4, 0]
Distance: 4049

Ant 2 route: [0, 7, 10, 8, 9, 1, 13, 2, 3, 5, 11, 6, 12, 4, 0]
Distance: 4049

Ant 3 route: [0, 7, 10, 8, 9, 1, 13, 2, 3, 5, 11, 6, 12, 4, 0]
Distance: 4049



ITERATION: 233

Ant 0 route: [0, 7, 10, 8, 9, 1, 13, 2, 3, 5, 11, 6, 12, 4, 0]
Distance: 4049

Ant 1 route: [0, 7, 10, 8, 9, 1, 13, 2, 3, 5, 11, 6, 12, 4, 0]
Distance: 4049

Ant 2 route: [0, 7, 10, 8, 9, 1, 13, 2, 3, 5, 11, 6, 12, 4, 0]
Distance: 4049

Ant 3 route: [0, 7, 10, 8, 9, 1, 13, 2, 3, 5, 11, 6, 12, 4, 0]
Distance: 4049



ITERATION: 234

Ant 0 route: [0, 7, 10, 8, 9, 1, 13, 2, 3, 5, 11, 6, 12, 4, 0]
Distance: 4049

Ant 1 route: [0, 7, 10, 8, 9, 1, 13, 2, 3, 5, 11, 6, 12, 4, 0]
Distance: 4049

Ant 2 route: [0, 7, 10, 8, 9, 1, 13, 2, 3, 5, 11, 6, 12, 4, 0]
Distance: 4049

Ant 3 route: [0, 7, 10, 8, 9, 1, 13, 2, 3, 5, 11, 6, 12, 4, 0]
Distance: 4049



ITERATION: 235

Ant 0 route: [0, 7, 10, 8, 9, 1, 13, 2, 3, 5, 11, 6, 12, 4, 0]
Distance: 4049

Ant 1 route: [0, 7, 10, 8, 9, 1, 13, 2, 3, 5, 11, 6, 12, 4, 0]
Distance: 4049

Ant 2 route: [0, 7, 10, 8, 9, 1, 13, 2, 3, 5, 11, 6, 12, 4, 0]
Distance: 4049

Ant 3 route: [0, 7, 10, 8, 9, 1, 13, 2, 3, 5, 11, 6, 12, 4, 0]
Distance: 4049



ITERATION: 236

Ant 0 route: [0, 7, 10, 8, 9, 1, 13, 2, 3, 5, 11, 6, 12, 4, 0]
Distance: 4049

Ant 1 route: [0, 7, 10, 8, 9, 1, 13, 2, 3, 5, 11, 6, 12, 4, 0]
Distance: 4049

Ant 2 route: [0, 7, 10, 8, 9, 1, 13, 2, 3, 5, 11, 6, 12, 4, 0]
Distance: 4049

Ant 3 route: [0, 7, 10, 8, 9, 1, 13, 2, 3, 5, 11, 6, 12, 4, 0]
Distance: 4049



ITERATION: 237

Ant 0 route: [0, 7, 10, 8, 9, 1, 13, 2, 3, 5, 11, 6, 12, 4, 0]
Distance: 4049

Ant 1 route: [0, 7, 10, 8, 9, 1, 13, 2, 3, 5, 11, 6, 12, 4, 0]
Distance: 4049

Ant 2 route: [0, 7, 10, 8, 9, 1, 13, 2, 3, 5, 11, 6, 12, 4, 0]
Distance: 4049

Ant 3 route: [0, 7, 10, 8, 9, 1, 13, 2, 3, 5, 11, 6, 12, 4, 0]
Distance: 4049



ITERATION: 238

Ant 0 route: [0, 7, 10, 8, 9, 1, 13, 2, 3, 5, 11, 6, 12, 4, 0]
Distance: 4049

Ant 1 route: [0, 7, 10, 8, 9, 1, 13, 2, 3, 5, 11, 6, 12, 4, 0]
Distance: 4049

Ant 2 route: [0, 7, 10, 8, 9, 1, 13, 2, 3, 5, 11, 6, 12, 4, 0]
Distance: 4049

Ant 3 route: [0, 7, 10, 8, 9, 1, 13, 2, 3, 5, 11, 6, 12, 4, 0]
Distance: 4049



ITERATION: 239

Ant 0 route: [0, 7, 10, 8, 9, 1, 13, 2, 3, 5, 11, 6, 12, 4, 0]
Distance: 4049

Ant 1 route: [0, 7, 10, 8, 9, 1, 13, 2, 3, 5, 11, 6, 12, 4, 0]
Distance: 4049

Ant 2 route: [0, 7, 10, 8, 9, 1, 13, 2, 3, 5, 11, 6, 12, 4, 0]
Distance: 4049

Ant 3 route: [0, 7, 10, 8, 9, 1, 13, 2, 3, 5, 11, 6, 12, 4, 0]
Distance: 4049



ITERATION: 240

Ant 0 route: [0, 7, 10, 8, 9, 1, 13, 2, 3, 5, 11, 6, 12, 4, 0]
Distance: 4049

Ant 1 route: [0, 7, 10, 8, 9, 1, 13, 2, 3, 5, 11, 6, 12, 4, 0]
Distance: 4049

Ant 2 route: [0, 7, 10, 8, 9, 1, 13, 2, 3, 5, 11, 6, 12, 4, 0]
Distance: 4049

Ant 3 route: [0, 7, 10, 8, 9, 1, 13, 2, 3, 5, 11, 6, 12, 4, 0]
Distance: 4049



ITERATION: 241

Ant 0 route: [0, 7, 10, 8, 9, 1, 13, 2, 3, 5, 11, 6, 12, 4, 0]
Distance: 4049

Ant 1 route: [0, 7, 10, 8, 9, 1, 13, 2, 3, 5, 11, 6, 12, 4, 0]
Distance: 4049

Ant 2 route: [0, 7, 10, 8, 9, 1, 13, 2, 3, 5, 11, 6, 12, 4, 0]
Distance: 4049

Ant 3 route: [0, 7, 10, 8, 9, 1, 13, 2, 3, 5, 11, 6, 12, 4, 0]
Distance: 4049



ITERATION: 242

Ant 0 route: [0, 7, 10, 8, 9, 1, 13, 2, 3, 5, 11, 6, 12, 4, 0]
Distance: 4049

Ant 1 route: [0, 7, 10, 8, 9, 1, 13, 2, 3, 5, 11, 6, 12, 4, 0]
Distance: 4049

Ant 2 route: [0, 7, 10, 8, 9, 1, 13, 2, 3, 5, 11, 6, 12, 4, 0]
Distance: 4049

Ant 3 route: [0, 7, 10, 8, 9, 1, 13, 2, 3, 5, 11, 6, 12, 4, 0]
Distance: 4049



ITERATION: 243

Ant 0 route: [0, 7, 10, 8, 9, 1, 13, 2, 3, 5, 11, 6, 12, 4, 0]
Distance: 4049

Ant 1 route: [0, 7, 10, 8, 9, 1, 13, 2, 3, 5, 11, 6, 12, 4, 0]
Distance: 4049

Ant 2 route: [0, 7, 10, 8, 9, 1, 13, 2, 3, 5, 11, 6, 12, 4, 0]
Distance: 4049

Ant 3 route: [0, 7, 10, 8, 9, 1, 13, 2, 3, 5, 11, 6, 12, 4, 0]
Distance: 4049



ITERATION: 244

Ant 0 route: [0, 7, 10, 8, 9, 1, 13, 2, 3, 5, 11, 6, 12, 4, 0]
Distance: 4049

Ant 1 route: [0, 7, 10, 8, 9, 1, 13, 2, 3, 5, 11, 6, 12, 4, 0]
Distance: 4049

Ant 2 route: [0, 7, 10, 8, 9, 1, 13, 2, 3, 5, 11, 6, 12, 4, 0]
Distance: 4049

Ant 3 route: [0, 7, 10, 8, 9, 1, 13, 2, 3, 5, 11, 6, 12, 4, 0]
Distance: 4049



ITERATION: 245

Ant 0 route: [0, 7, 10, 8, 9, 1, 13, 2, 3, 5, 11, 6, 12, 4, 0]
Distance: 4049

Ant 1 route: [0, 7, 10, 8, 9, 1, 13, 2, 3, 5, 11, 6, 12, 4, 0]
Distance: 4049

Ant 2 route: [0, 7, 10, 8, 9, 1, 13, 2, 3, 5, 11, 6, 12, 4, 0]
Distance: 4049

Ant 3 route: [0, 7, 10, 8, 9, 1, 13, 2, 3, 5, 11, 6, 12, 4, 0]
Distance: 4049



ITERATION: 246

Ant 0 route: [0, 7, 10, 8, 9, 1, 13, 2, 3, 5, 11, 6, 12, 4, 0]
Distance: 4049

Ant 1 route: [0, 7, 10, 8, 9, 1, 13, 2, 3, 5, 11, 6, 12, 4, 0]
Distance: 4049

Ant 2 route: [0, 7, 10, 8, 9, 1, 13, 2, 3, 5, 11, 6, 12, 4, 0]
Distance: 4049

Ant 3 route: [0, 7, 10, 8, 9, 1, 13, 2, 3, 5, 11, 6, 12, 4, 0]
Distance: 4049



ITERATION: 247

Ant 0 route: [0, 7, 10, 8, 9, 1, 13, 2, 3, 5, 11, 6, 12, 4, 0]
Distance: 4049

Ant 1 route: [0, 7, 10, 8, 9, 1, 13, 2, 3, 5, 11, 6, 12, 4, 0]
Distance: 4049

Ant 2 route: [0, 7, 10, 8, 9, 1, 13, 2, 3, 5, 11, 6, 12, 4, 0]
Distance: 4049

Ant 3 route: [0, 7, 10, 8, 9, 1, 13, 2, 3, 5, 11, 6, 12, 4, 0]
Distance: 4049



ITERATION: 248

Ant 0 route: [0, 7, 10, 8, 9, 1, 13, 2, 3, 5, 11, 6, 12, 4, 0]
Distance: 4049

Ant 1 route: [0, 7, 10, 8, 9, 1, 13, 2, 3, 5, 11, 6, 12, 4, 0]
Distance: 4049

Ant 2 route: [0, 7, 10, 8, 9, 1, 13, 2, 3, 5, 11, 6, 12, 4, 0]
Distance: 4049

Ant 3 route: [0, 7, 10, 8, 9, 1, 13, 2, 3, 5, 11, 6, 12, 4, 0]
Distance: 4049



ITERATION: 249

Ant 0 route: [0, 7, 10, 8, 9, 1, 13, 2, 3, 5, 11, 6, 12, 4, 0]
Distance: 4049

Ant 1 route: [0, 7, 10, 8, 9, 1, 13, 2, 3, 5, 11, 6, 12, 4, 0]
Distance: 4049

Ant 2 route: [0, 7, 10, 8, 9, 1, 13, 2, 3, 5, 11, 6, 12, 4, 0]
Distance: 4049

Ant 3 route: [0, 7, 10, 8, 9, 1, 13, 2, 3, 5, 11, 6, 12, 4, 0]
Distance: 4049



Duration is: 0.9000849723815918 seconds.
Ant 0 best iteration: 45
Best route: [0, 7, 10, 8, 9, 1, 13, 2, 3, 4, 5, 11, 6, 12, 0]
Best distance: 3416

Ant 1 best iteration: 46
Best route: [0, 7, 10, 8, 9, 1, 13, 12, 6, 4, 5, 11, 3, 2, 0]
Best distance: 3739

Ant 2 best iteration: 73
Best route: [0, 7, 10, 8, 9, 6, 12, 4, 5, 11, 3, 2, 13, 1, 0]
Best distance: 3745

Ant 3 best iteration: 55
Best route: [0, 7, 10, 8, 9, 1, 13, 2, 3, 4, 5, 11, 6, 12, 0]
Best distance: 3416

