ITERATION: 0

Ant 0 route: [0, 10, 8, 7, 1, 5, 11, 13, 6, 12, 2, 4, 3, 9, 0]
Distance: 4877

Ant 1 route: [0, 7, 11, 5, 6, 12, 2, 3, 13, 1, 4, 8, 10, 9, 0]
Distance: 5039

Ant 2 route: [0, 7, 6, 5, 11, 3, 1, 10, 8, 13, 12, 2, 9, 4, 0]
Distance: 6229

Ant 3 route: [0, 1, 9, 13, 10, 8, 7, 12, 6, 5, 11, 3, 2, 4, 0]
Distance: 4896

Ant 4 route: [0, 8, 10, 7, 12, 13, 11, 5, 6, 2, 3, 4, 1, 9, 0]
Distance: 4329

Ant 5 route: [0, 7, 1, 8, 10, 9, 13, 6, 5, 11, 3, 2, 4, 12, 0]
Distance: 4388



ITERATION: 1

Ant 0 route: [0, 1, 7, 2, 3, 11, 12, 6, 5, 4, 8, 10, 9, 13, 0]
Distance: 4866

Ant 1 route: [0, 7, 1, 8, 10, 12, 13, 5, 11, 6, 2, 4, 3, 9, 0]
Distance: 4718

Ant 2 route: [0, 7, 6, 12, 10, 8, 1, 9, 13, 2, 11, 5, 3, 4, 0]
Distance: 4818

Ant 3 route: [0, 10, 8, 1, 7, 5, 11, 6, 13, 3, 2, 4, 9, 12, 0]
Distance: 5223

Ant 4 route: [0, 10, 8, 7, 13, 6, 5, 11, 3, 12, 1, 4, 9, 2, 0]
Distance: 5951

Ant 5 route: [0, 7, 13, 2, 6, 12, 11, 5, 3, 4, 10, 8, 9, 1, 0]
Distance: 4145



ITERATION: 2

Ant 0 route: [0, 7, 10, 8, 1, 2, 9, 5, 11, 12, 6, 13, 3, 4, 0]
Distance: 5186

Ant 1 route: [0, 7, 8, 10, 1, 13, 2, 4, 3, 11, 5, 6, 12, 9, 0]
Distance: 3974

Ant 2 route: [0, 7, 11, 5, 6, 10, 8, 2, 13, 12, 1, 3, 4, 9, 0]
Distance: 5555

Ant 3 route: [0, 10, 7, 8, 12, 5, 11, 6, 3, 13, 2, 1, 4, 9, 0]
Distance: 5251

Ant 4 route: [0, 10, 7, 1, 3, 2, 12, 6, 11, 5, 13, 8, 9, 4, 0]
Distance: 5441

Ant 5 route: [0, 7, 12, 6, 11, 5, 3, 13, 2, 10, 8, 1, 9, 4, 0]
Distance: 5113



ITERATION: 3

Ant 0 route: [0, 7, 12, 10, 8, 13, 6, 5, 11, 3, 1, 9, 2, 4, 0]
Distance: 5610

Ant 1 route: [0, 7, 6, 11, 5, 13, 8, 10, 1, 12, 3, 2, 4, 9, 0]
Distance: 5313

Ant 2 route: [0, 1, 8, 10, 7, 12, 6, 11, 5, 4, 9, 2, 3, 13, 0]
Distance: 4757

Ant 3 route: [0, 7, 12, 6, 5, 11, 3, 10, 9, 8, 1, 13, 2, 4, 0]
Distance: 4883

Ant 4 route: [0, 7, 11, 5, 3, 13, 2, 12, 6, 10, 8, 9, 1, 4, 0]
Distance: 5162

Ant 5 route: [0, 3, 2, 13, 5, 11, 6, 12, 8, 7, 10, 1, 9, 4, 0]
Distance: 5412



ITERATION: 4

Ant 0 route: [0, 8, 10, 12, 6, 11, 5, 13, 3, 2, 1, 7, 9, 4, 0]
Distance: 4914

Ant 1 route: [0, 7, 9, 5, 11, 6, 10, 8, 12, 1, 2, 13, 4, 3, 0]
Distance: 5291

Ant 2 route: [0, 7, 8, 10, 12, 6, 5, 11, 13, 2, 1, 9, 3, 4, 0]
Distance: 4753

Ant 3 route: [0, 1, 7, 11, 5, 12, 6, 10, 8, 13, 2, 3, 4, 9, 0]
Distance: 4889

Ant 4 route: [0, 10, 8, 7, 1, 13, 6, 12, 9, 11, 5, 2, 3, 4, 0]
Distance: 4969

Ant 5 route: [0, 7, 8, 10, 1, 3, 2, 6, 12, 13, 5, 11, 4, 9, 0]
Distance: 4647



ITERATION: 5

Ant 0 route: [0, 7, 8, 10, 2, 4, 11, 5, 3, 6, 12, 13, 1, 9, 0]
Distance: 4339

Ant 1 route: [0, 8, 10, 7, 13, 3, 1, 5, 11, 4, 6, 12, 9, 2, 0]
Distance: 5361

Ant 2 route: [0, 7, 8, 10, 9, 12, 11, 6, 3, 5, 13, 2, 1, 4, 0]
Distance: 5166

Ant 3 route: [0, 7, 8, 10, 12, 6, 5, 11, 2, 13, 4, 3, 9, 1, 0]
Distance: 4307

Ant 4 route: [0, 10, 5, 11, 6, 12, 4, 3, 13, 2, 1, 8, 9, 7, 0]
Distance: 4188

Ant 5 route: [0, 7, 12, 4, 3, 2, 8, 10, 1, 9, 13, 5, 11, 6, 0]
Distance: 4872



ITERATION: 6

Ant 0 route: [0, 10, 8, 12, 13, 6, 5, 11, 3, 1, 7, 2, 4, 9, 0]
Distance: 5212

Ant 1 route: [0, 1, 13, 12, 6, 4, 11, 5, 3, 10, 8, 7, 2, 9, 0]
Distance: 4824

Ant 2 route: [0, 7, 6, 5, 11, 13, 12, 1, 8, 10, 2, 3, 4, 9, 0]
Distance: 4916

Ant 3 route: [0, 7, 12, 6, 11, 5, 2, 13, 1, 8, 10, 9, 4, 3, 0]
Distance: 4756

Ant 4 route: [0, 1, 6, 12, 13, 7, 8, 10, 9, 4, 5, 11, 2, 3, 0]
Distance: 4950

Ant 5 route: [0, 7, 12, 9, 2, 1, 6, 11, 5, 4, 3, 13, 8, 10, 0]
Distance: 4866



ITERATION: 7

Ant 0 route: [0, 11, 5, 6, 12, 8, 10, 4, 2, 3, 1, 7, 13, 9, 0]
Distance: 5608

Ant 1 route: [0, 10, 8, 7, 12, 2, 4, 13, 3, 5, 11, 6, 1, 9, 0]
Distance: 4577

Ant 2 route: [0, 7, 5, 11, 3, 2, 12, 8, 10, 13, 6, 1, 9, 4, 0]
Distance: 5924

Ant 3 route: [0, 7, 10, 8, 9, 4, 6, 5, 11, 3, 13, 2, 1, 12, 0]
Distance: 4445

Ant 4 route: [0, 7, 8, 10, 6, 5, 11, 3, 4, 9, 1, 12, 13, 2, 0]
Distance: 4768

Ant 5 route: [0, 7, 13, 12, 5, 11, 10, 8, 1, 6, 3, 2, 9, 4, 0]
Distance: 6224



ITERATION: 8

Ant 0 route: [0, 7, 8, 10, 13, 2, 5, 11, 6, 12, 4, 3, 9, 1, 0]
Distance: 4466

Ant 1 route: [0, 7, 8, 10, 1, 9, 2, 3, 4, 11, 5, 6, 12, 13, 0]
Distance: 4090

Ant 2 route: [0, 1, 10, 8, 7, 13, 12, 4, 6, 5, 11, 3, 2, 9, 0]
Distance: 4398

Ant 3 route: [0, 7, 6, 12, 11, 5, 13, 10, 8, 2, 1, 9, 3, 4, 0]
Distance: 5696

Ant 4 route: [0, 7, 8, 1, 13, 11, 5, 6, 2, 4, 3, 10, 12, 9, 0]
Distance: 5079

Ant 5 route: [0, 12, 10, 8, 7, 2, 3, 6, 4, 5, 11, 13, 1, 9, 0]
Distance: 4425



ITERATION: 9

Ant 0 route: [0, 7, 1, 8, 10, 13, 12, 6, 5, 11, 4, 3, 9, 2, 0]
Distance: 5012

Ant 1 route: [0, 7, 1, 8, 10, 2, 11, 5, 6, 12, 13, 3, 4, 9, 0]
Distance: 4605

Ant 2 route: [0, 7, 12, 1, 13, 10, 8, 9, 5, 11, 4, 3, 2, 6, 0]
Distance: 4938

Ant 3 route: [0, 7, 8, 10, 5, 11, 6, 12, 9, 3, 4, 13, 2, 1, 0]
Distance: 4782

Ant 4 route: [0, 10, 8, 7, 1, 13, 2, 3, 4, 5, 11, 6, 12, 9, 0]
Distance: 3629

Ant 5 route: [0, 1, 7, 8, 10, 6, 11, 5, 13, 2, 3, 4, 9, 12, 0]
Distance: 4634



ITERATION: 10

Ant 0 route: [0, 7, 1, 9, 10, 8, 11, 5, 6, 12, 13, 2, 3, 4, 0]
Distance: 4245

Ant 1 route: [0, 6, 12, 8, 10, 7, 13, 1, 2, 11, 5, 3, 4, 9, 0]
Distance: 5048

Ant 2 route: [0, 1, 7, 8, 10, 13, 2, 3, 12, 6, 5, 11, 9, 4, 0]
Distance: 5446

Ant 3 route: [0, 7, 8, 2, 3, 6, 12, 5, 11, 13, 1, 9, 10, 4, 0]
Distance: 5302

Ant 4 route: [0, 7, 8, 10, 1, 13, 2, 3, 12, 6, 5, 11, 4, 9, 0]
Distance: 4314

Ant 5 route: [0, 1, 11, 5, 2, 6, 12, 13, 10, 8, 7, 4, 3, 9, 0]
Distance: 5447



ITERATION: 11

Ant 0 route: [0, 7, 1, 8, 10, 12, 6, 5, 11, 4, 2, 3, 13, 9, 0]
Distance: 4141

Ant 1 route: [0, 1, 7, 5, 11, 6, 12, 13, 2, 4, 3, 10, 8, 9, 0]
Distance: 4330

Ant 2 route: [0, 7, 10, 8, 9, 12, 6, 3, 13, 5, 11, 2, 1, 4, 0]
Distance: 5016

Ant 3 route: [0, 7, 8, 10, 3, 11, 5, 6, 12, 13, 2, 1, 9, 4, 0]
Distance: 5191

Ant 4 route: [0, 1, 10, 8, 7, 12, 6, 5, 11, 4, 3, 13, 2, 9, 0]
Distance: 3926

Ant 5 route: [0, 1, 2, 3, 13, 10, 8, 7, 12, 6, 5, 11, 9, 4, 0]
Distance: 5544



ITERATION: 12

Ant 0 route: [0, 7, 10, 8, 1, 9, 3, 13, 5, 11, 6, 12, 4, 2, 0]
Distance: 4850

Ant 1 route: [0, 7, 10, 8, 12, 6, 5, 11, 3, 2, 13, 9, 4, 1, 0]
Distance: 4846

Ant 2 route: [0, 7, 10, 8, 6, 5, 11, 3, 4, 1, 12, 13, 2, 9, 0]
Distance: 4789

Ant 3 route: [0, 7, 9, 10, 8, 1, 12, 6, 4, 5, 11, 3, 13, 2, 0]
Distance: 3912

Ant 4 route: [0, 7, 8, 9, 12, 6, 11, 5, 13, 2, 3, 4, 10, 1, 0]
Distance: 4079

Ant 5 route: [0, 7, 1, 2, 3, 13, 5, 11, 4, 9, 10, 8, 12, 6, 0]
Distance: 4523



ITERATION: 13

Ant 0 route: [0, 7, 9, 10, 8, 1, 12, 5, 11, 6, 13, 2, 3, 4, 0]
Distance: 4220

Ant 1 route: [0, 8, 10, 1, 7, 9, 2, 3, 13, 5, 11, 6, 12, 4, 0]
Distance: 4741

Ant 2 route: [0, 7, 10, 8, 13, 11, 5, 6, 12, 9, 4, 3, 2, 1, 0]
Distance: 4525

Ant 3 route: [0, 7, 8, 10, 1, 12, 13, 11, 5, 3, 2, 6, 4, 9, 0]
Distance: 4619

Ant 4 route: [0, 7, 8, 10, 1, 5, 11, 12, 6, 9, 2, 3, 4, 13, 0]
Distance: 5044

Ant 5 route: [0, 7, 1, 11, 5, 13, 2, 3, 6, 12, 4, 9, 8, 10, 0]
Distance: 4512



ITERATION: 14

Ant 0 route: [0, 7, 10, 8, 6, 5, 11, 2, 3, 13, 1, 12, 4, 9, 0]
Distance: 4949

Ant 1 route: [0, 7, 8, 10, 1, 12, 6, 5, 11, 3, 13, 2, 4, 9, 0]
Distance: 4462

Ant 2 route: [0, 7, 1, 12, 6, 5, 11, 3, 4, 9, 8, 10, 13, 2, 0]
Distance: 4510

Ant 3 route: [0, 7, 8, 10, 1, 2, 3, 5, 11, 6, 12, 4, 9, 13, 0]
Distance: 4914

Ant 4 route: [0, 7, 8, 10, 1, 11, 5, 6, 12, 4, 9, 13, 2, 3, 0]
Distance: 5332

Ant 5 route: [0, 7, 8, 10, 11, 5, 6, 12, 13, 2, 3, 4, 9, 1, 0]
Distance: 4291



ITERATION: 15

Ant 0 route: [0, 7, 8, 10, 1, 12, 6, 5, 11, 3, 13, 2, 4, 9, 0]
Distance: 4462

Ant 1 route: [0, 7, 10, 8, 1, 11, 5, 12, 6, 4, 9, 2, 3, 13, 0]
Distance: 5217

Ant 2 route: [0, 7, 8, 10, 1, 2, 3, 6, 12, 13, 5, 11, 4, 9, 0]
Distance: 4378

Ant 3 route: [0, 7, 8, 10, 1, 12, 5, 11, 6, 13, 2, 3, 4, 9, 0]
Distance: 4316

Ant 4 route: [0, 7, 8, 10, 13, 2, 3, 5, 11, 6, 12, 4, 9, 1, 0]
Distance: 4330

Ant 5 route: [0, 7, 10, 8, 9, 2, 3, 5, 11, 6, 12, 13, 1, 4, 0]
Distance: 4848



ITERATION: 16

Ant 0 route: [0, 7, 8, 10, 1, 12, 6, 5, 11, 3, 13, 2, 4, 9, 0]
Distance: 4462

Ant 1 route: [0, 7, 4, 9, 8, 10, 1, 11, 5, 6, 12, 13, 2, 3, 0]
Distance: 5207

Ant 2 route: [0, 7, 10, 8, 1, 12, 13, 2, 6, 5, 11, 3, 4, 9, 0]
Distance: 4439

Ant 3 route: [0, 7, 8, 10, 1, 12, 6, 5, 11, 3, 4, 9, 2, 13, 0]
Distance: 4805

Ant 4 route: [0, 7, 8, 10, 1, 2, 3, 13, 11, 5, 6, 12, 4, 9, 0]
Distance: 4398

Ant 5 route: [0, 7, 10, 8, 1, 4, 9, 2, 3, 13, 11, 5, 12, 6, 0]
Distance: 5397



ITERATION: 17

Ant 0 route: [0, 7, 8, 10, 1, 9, 2, 6, 12, 13, 11, 5, 3, 4, 0]
Distance: 4706

Ant 1 route: [0, 7, 10, 8, 1, 2, 3, 13, 11, 5, 6, 12, 4, 9, 0]
Distance: 4378

Ant 2 route: [0, 7, 8, 10, 1, 12, 6, 5, 11, 3, 13, 2, 4, 9, 0]
Distance: 4462

Ant 3 route: [0, 7, 10, 8, 1, 2, 3, 4, 9, 13, 11, 5, 6, 12, 0]
Distance: 4655

Ant 4 route: [0, 7, 8, 10, 1, 11, 5, 12, 6, 13, 2, 3, 4, 9, 0]
Distance: 4441

Ant 5 route: [0, 7, 8, 10, 1, 2, 3, 6, 5, 11, 4, 9, 12, 13, 0]
Distance: 4842



ITERATION: 18

Ant 0 route: [0, 7, 10, 1, 12, 13, 2, 3, 6, 5, 11, 4, 9, 8, 0]
Distance: 4389

Ant 1 route: [0, 7, 8, 10, 1, 12, 6, 5, 11, 3, 4, 9, 13, 2, 0]
Distance: 4798

Ant 2 route: [0, 7, 10, 8, 1, 12, 6, 5, 11, 4, 9, 2, 3, 13, 0]
Distance: 4841

Ant 3 route: [0, 7, 10, 8, 1, 2, 3, 13, 11, 5, 12, 6, 4, 9, 0]
Distance: 4373

Ant 4 route: [0, 7, 10, 8, 1, 11, 5, 6, 12, 13, 2, 4, 9, 3, 0]
Distance: 5688

Ant 5 route: [0, 7, 8, 10, 1, 2, 3, 4, 9, 12, 6, 5, 11, 13, 0]
Distance: 4603



ITERATION: 19

Ant 0 route: [0, 7, 8, 10, 1, 12, 13, 2, 3, 4, 9, 5, 11, 6, 0]
Distance: 5040

Ant 1 route: [0, 7, 10, 8, 1, 11, 5, 6, 13, 2, 3, 4, 9, 12, 0]
Distance: 4784

Ant 2 route: [0, 7, 8, 10, 1, 2, 3, 13, 11, 5, 12, 6, 4, 9, 0]
Distance: 4393

Ant 3 route: [0, 7, 8, 10, 1, 2, 3, 4, 9, 12, 6, 5, 11, 13, 0]
Distance: 4603

Ant 4 route: [0, 7, 8, 10, 1, 12, 6, 5, 11, 3, 13, 2, 4, 9, 0]
Distance: 4462

Ant 5 route: [0, 7, 10, 8, 1, 9, 13, 2, 3, 4, 6, 12, 5, 11, 0]
Distance: 4296



ITERATION: 20

Ant 0 route: [0, 7, 8, 10, 1, 9, 12, 6, 5, 11, 3, 4, 2, 13, 0]
Distance: 4103

Ant 1 route: [0, 7, 8, 10, 1, 11, 5, 6, 12, 13, 2, 3, 4, 9, 0]
Distance: 4340

Ant 2 route: [0, 7, 8, 10, 1, 2, 3, 13, 11, 5, 6, 12, 4, 9, 0]
Distance: 4398

Ant 3 route: [0, 7, 8, 10, 1, 11, 5, 3, 13, 2, 4, 9, 12, 6, 0]
Distance: 5180

Ant 4 route: [0, 7, 8, 10, 1, 2, 3, 13, 11, 5, 12, 6, 4, 9, 0]
Distance: 4393

Ant 5 route: [0, 7, 8, 10, 1, 9, 13, 2, 6, 12, 5, 11, 3, 4, 0]
Distance: 4608



ITERATION: 21

Ant 0 route: [0, 7, 8, 10, 1, 2, 3, 13, 11, 5, 6, 12, 4, 9, 0]
Distance: 4398

Ant 1 route: [0, 7, 8, 10, 1, 11, 5, 6, 12, 4, 9, 13, 2, 3, 0]
Distance: 5332

Ant 2 route: [0, 7, 8, 10, 1, 2, 13, 11, 5, 3, 4, 9, 12, 6, 0]
Distance: 4679

Ant 3 route: [0, 7, 8, 10, 1, 2, 3, 13, 11, 5, 12, 6, 4, 9, 0]
Distance: 4393

Ant 4 route: [0, 7, 8, 10, 1, 12, 6, 5, 11, 3, 4, 9, 13, 2, 0]
Distance: 4798

Ant 5 route: [0, 7, 8, 10, 1, 12, 13, 11, 5, 6, 4, 9, 2, 3, 0]
Distance: 5299



ITERATION: 22

Ant 0 route: [0, 7, 8, 10, 1, 2, 3, 6, 12, 5, 11, 4, 9, 13, 0]
Distance: 4963

Ant 1 route: [0, 7, 8, 10, 1, 9, 2, 3, 13, 11, 5, 6, 12, 4, 0]
Distance: 4668

Ant 2 route: [0, 7, 10, 8, 1, 2, 3, 13, 11, 5, 6, 12, 4, 9, 0]
Distance: 4378

Ant 3 route: [0, 7, 8, 10, 1, 11, 5, 3, 4, 9, 12, 6, 13, 2, 0]
Distance: 4904

Ant 4 route: [0, 7, 8, 10, 1, 12, 6, 5, 11, 3, 13, 2, 4, 9, 0]
Distance: 4462

Ant 5 route: [0, 7, 8, 10, 1, 9, 12, 13, 2, 3, 4, 6, 5, 11, 0]
Distance: 4195



ITERATION: 23

Ant 0 route: [0, 7, 8, 10, 1, 2, 3, 13, 11, 5, 6, 12, 4, 9, 0]
Distance: 4398

Ant 1 route: [0, 7, 8, 10, 1, 11, 5, 6, 12, 4, 9, 13, 2, 3, 0]
Distance: 5332

Ant 2 route: [0, 7, 8, 10, 1, 2, 3, 4, 6, 12, 5, 11, 13, 9, 0]
Distance: 4074

Ant 3 route: [0, 7, 8, 10, 1, 11, 5, 6, 12, 13, 2, 3, 4, 9, 0]
Distance: 4340

Ant 4 route: [0, 7, 8, 10, 1, 9, 12, 6, 5, 11, 13, 2, 3, 4, 0]
Distance: 4178

Ant 5 route: [0, 7, 8, 10, 1, 9, 13, 2, 3, 4, 6, 5, 11, 12, 0]
Distance: 4126



ITERATION: 24

Ant 0 route: [0, 7, 8, 10, 1, 11, 5, 6, 12, 4, 9, 13, 2, 3, 0]
Distance: 5332

Ant 1 route: [0, 7, 8, 10, 1, 9, 13, 2, 3, 4, 6, 12, 5, 11, 0]
Distance: 4316

Ant 2 route: [0, 7, 8, 10, 1, 11, 5, 6, 12, 13, 2, 3, 4, 9, 0]
Distance: 4340

Ant 3 route: [0, 7, 8, 10, 1, 12, 6, 5, 11, 13, 2, 3, 4, 9, 0]
Distance: 4150

Ant 4 route: [0, 7, 10, 8, 1, 11, 5, 6, 12, 13, 2, 3, 4, 9, 0]
Distance: 4320

Ant 5 route: [0, 7, 8, 10, 1, 2, 3, 13, 11, 5, 6, 12, 4, 9, 0]
Distance: 4398



ITERATION: 25

Ant 0 route: [0, 7, 8, 10, 1, 9, 13, 2, 6, 12, 5, 11, 3, 4, 0]
Distance: 4608

Ant 1 route: [0, 7, 8, 10, 1, 2, 3, 13, 11, 5, 6, 12, 4, 9, 0]
Distance: 4398

Ant 2 route: [0, 7, 8, 10, 1, 2, 3, 13, 11, 5, 6, 12, 4, 9, 0]
Distance: 4398

Ant 3 route: [0, 7, 8, 10, 1, 2, 3, 13, 11, 5, 6, 12, 4, 9, 0]
Distance: 4398

Ant 4 route: [0, 7, 8, 10, 1, 12, 6, 5, 11, 3, 4, 9, 13, 2, 0]
Distance: 4798

Ant 5 route: [0, 7, 10, 8, 1, 2, 3, 4, 6, 12, 13, 11, 5, 9, 0]
Distance: 4166



ITERATION: 26

Ant 0 route: [0, 7, 8, 10, 1, 11, 5, 6, 12, 13, 2, 3, 4, 9, 0]
Distance: 4340

Ant 1 route: [0, 7, 8, 10, 1, 12, 6, 5, 11, 3, 13, 2, 4, 9, 0]
Distance: 4462

Ant 2 route: [0, 7, 8, 10, 1, 9, 13, 11, 5, 6, 12, 4, 2, 3, 0]
Distance: 4723

Ant 3 route: [0, 7, 8, 10, 1, 12, 6, 5, 11, 3, 4, 9, 13, 2, 0]
Distance: 4798

Ant 4 route: [0, 7, 8, 10, 1, 12, 6, 5, 11, 3, 4, 9, 13, 2, 0]
Distance: 4798

Ant 5 route: [0, 7, 8, 10, 1, 9, 13, 2, 3, 4, 6, 12, 5, 11, 0]
Distance: 4316



ITERATION: 27

Ant 0 route: [0, 7, 8, 10, 1, 12, 13, 11, 5, 6, 4, 9, 2, 3, 0]
Distance: 5299

Ant 1 route: [0, 7, 10, 8, 1, 12, 6, 5, 11, 3, 13, 2, 4, 9, 0]
Distance: 4442

Ant 2 route: [0, 7, 8, 10, 1, 2, 3, 13, 11, 5, 6, 12, 4, 9, 0]
Distance: 4398

Ant 3 route: [0, 7, 8, 10, 1, 11, 5, 6, 12, 13, 2, 3, 4, 9, 0]
Distance: 4340

Ant 4 route: [0, 7, 8, 10, 1, 12, 6, 5, 11, 3, 13, 2, 4, 9, 0]
Distance: 4462

Ant 5 route: [0, 7, 8, 10, 1, 9, 12, 6, 5, 11, 3, 4, 2, 13, 0]
Distance: 4103



ITERATION: 28

Ant 0 route: [0, 7, 8, 10, 1, 11, 5, 6, 12, 4, 9, 2, 3, 13, 0]
Distance: 5242

Ant 1 route: [0, 7, 10, 8, 1, 9, 12, 5, 11, 3, 4, 6, 13, 2, 0]
Distance: 4189

Ant 2 route: [0, 7, 8, 10, 1, 12, 6, 5, 11, 3, 4, 9, 13, 2, 0]
Distance: 4798

Ant 3 route: [0, 7, 8, 10, 1, 12, 6, 5, 11, 3, 13, 2, 4, 9, 0]
Distance: 4462

Ant 4 route: [0, 7, 10, 8, 1, 2, 3, 13, 11, 5, 6, 12, 4, 9, 0]
Distance: 4378

Ant 5 route: [0, 7, 8, 10, 1, 2, 13, 11, 5, 6, 12, 4, 9, 3, 0]
Distance: 5414



ITERATION: 29

Ant 0 route: [0, 7, 10, 8, 1, 9, 3, 4, 6, 12, 13, 11, 5, 2, 0]
Distance: 4622

Ant 1 route: [0, 7, 8, 10, 1, 2, 3, 13, 11, 5, 6, 12, 4, 9, 0]
Distance: 4398

Ant 2 route: [0, 7, 10, 8, 1, 12, 6, 5, 11, 3, 4, 9, 13, 2, 0]
Distance: 4778

Ant 3 route: [0, 7, 10, 8, 1, 2, 3, 13, 11, 5, 6, 12, 4, 9, 0]
Distance: 4378

Ant 4 route: [0, 7, 8, 10, 1, 11, 5, 6, 12, 13, 2, 3, 4, 9, 0]
Distance: 4340

Ant 5 route: [0, 7, 8, 10, 1, 2, 3, 13, 11, 5, 6, 12, 4, 9, 0]
Distance: 4398



ITERATION: 30

Ant 0 route: [0, 7, 10, 8, 1, 2, 3, 13, 11, 5, 6, 12, 4, 9, 0]
Distance: 4378

Ant 1 route: [0, 7, 10, 8, 1, 2, 3, 13, 11, 5, 6, 12, 4, 9, 0]
Distance: 4378

Ant 2 route: [0, 7, 10, 8, 1, 12, 13, 2, 3, 4, 9, 5, 11, 6, 0]
Distance: 5020

Ant 3 route: [0, 7, 8, 10, 1, 9, 13, 11, 5, 2, 3, 4, 6, 12, 0]
Distance: 4207

Ant 4 route: [0, 7, 10, 8, 1, 9, 12, 6, 5, 11, 3, 13, 2, 4, 0]
Distance: 4470

Ant 5 route: [0, 7, 10, 8, 1, 2, 3, 13, 11, 5, 6, 12, 4, 9, 0]
Distance: 4378



ITERATION: 31

Ant 0 route: [0, 7, 10, 8, 1, 11, 5, 6, 12, 13, 2, 3, 4, 9, 0]
Distance: 4320

Ant 1 route: [0, 7, 10, 8, 1, 2, 3, 13, 11, 5, 6, 12, 4, 9, 0]
Distance: 4378

Ant 2 route: [0, 7, 10, 8, 1, 11, 5, 6, 12, 13, 2, 3, 4, 9, 0]
Distance: 4320

Ant 3 route: [0, 7, 10, 8, 1, 9, 12, 6, 5, 11, 13, 2, 3, 4, 0]
Distance: 4158

Ant 4 route: [0, 7, 10, 8, 1, 11, 5, 6, 12, 13, 2, 3, 4, 9, 0]
Distance: 4320

Ant 5 route: [0, 7, 10, 8, 1, 12, 6, 13, 11, 5, 2, 3, 4, 9, 0]
Distance: 4373



ITERATION: 32

Ant 0 route: [0, 7, 10, 8, 1, 11, 5, 6, 12, 13, 2, 3, 4, 9, 0]
Distance: 4320

Ant 1 route: [0, 7, 10, 8, 1, 11, 5, 6, 12, 13, 2, 3, 4, 9, 0]
Distance: 4320

Ant 2 route: [0, 7, 8, 10, 1, 12, 4, 9, 13, 2, 3, 6, 5, 11, 0]
Distance: 5315

Ant 3 route: [0, 7, 10, 8, 1, 12, 13, 11, 5, 6, 4, 9, 3, 2, 0]
Distance: 5273

Ant 4 route: [0, 7, 8, 10, 1, 11, 5, 6, 12, 13, 2, 3, 4, 9, 0]
Distance: 4340

Ant 5 route: [0, 7, 10, 8, 1, 11, 5, 6, 12, 13, 2, 3, 4, 9, 0]
Distance: 4320



ITERATION: 33

Ant 0 route: [0, 7, 10, 8, 1, 12, 13, 2, 3, 4, 9, 5, 11, 6, 0]
Distance: 5020

Ant 1 route: [0, 7, 10, 8, 1, 11, 5, 6, 12, 13, 2, 3, 4, 9, 0]
Distance: 4320

Ant 2 route: [0, 7, 8, 10, 1, 11, 5, 6, 12, 13, 2, 3, 4, 9, 0]
Distance: 4340

Ant 3 route: [0, 7, 10, 1, 11, 5, 6, 12, 13, 2, 3, 4, 9, 8, 0]
Distance: 4340

Ant 4 route: [0, 7, 8, 10, 1, 9, 3, 13, 2, 4, 6, 12, 5, 11, 0]
Distance: 4899

Ant 5 route: [0, 7, 8, 10, 1, 11, 5, 6, 12, 13, 2, 3, 4, 9, 0]
Distance: 4340



ITERATION: 34

Ant 0 route: [0, 7, 10, 8, 1, 11, 5, 6, 12, 13, 2, 3, 4, 9, 0]
Distance: 4320

Ant 1 route: [0, 7, 10, 1, 12, 13, 2, 3, 4, 9, 8, 6, 5, 11, 0]
Distance: 4941

Ant 2 route: [0, 7, 10, 8, 1, 12, 13, 2, 3, 4, 9, 5, 11, 6, 0]
Distance: 5020

Ant 3 route: [0, 7, 8, 10, 1, 2, 3, 13, 11, 5, 6, 12, 4, 9, 0]
Distance: 4398

Ant 4 route: [0, 7, 10, 8, 1, 11, 5, 6, 12, 13, 2, 3, 4, 9, 0]
Distance: 4320

Ant 5 route: [0, 7, 10, 8, 1, 11, 5, 6, 12, 13, 2, 3, 4, 9, 0]
Distance: 4320



ITERATION: 35

Ant 0 route: [0, 7, 10, 8, 1, 11, 5, 6, 12, 13, 2, 3, 4, 9, 0]
Distance: 4320

Ant 1 route: [0, 7, 10, 8, 1, 11, 5, 6, 12, 13, 2, 3, 4, 9, 0]
Distance: 4320

Ant 2 route: [0, 7, 8, 10, 1, 11, 5, 6, 12, 13, 2, 3, 4, 9, 0]
Distance: 4340

Ant 3 route: [0, 7, 10, 8, 1, 12, 6, 5, 11, 3, 13, 2, 4, 9, 0]
Distance: 4442

Ant 4 route: [0, 7, 10, 8, 1, 11, 5, 6, 12, 13, 2, 3, 4, 9, 0]
Distance: 4320

Ant 5 route: [0, 7, 10, 8, 1, 11, 5, 6, 12, 13, 2, 3, 4, 9, 0]
Distance: 4320



ITERATION: 36

Ant 0 route: [0, 7, 10, 8, 1, 11, 5, 6, 12, 13, 2, 3, 4, 9, 0]
Distance: 4320

Ant 1 route: [0, 7, 10, 8, 1, 11, 5, 6, 12, 13, 2, 3, 4, 9, 0]
Distance: 4320

Ant 2 route: [0, 7, 10, 8, 1, 11, 5, 6, 12, 13, 2, 3, 4, 9, 0]
Distance: 4320

Ant 3 route: [0, 7, 10, 8, 6, 12, 13, 2, 3, 4, 9, 5, 11, 1, 0]
Distance: 5014

Ant 4 route: [0, 7, 10, 8, 1, 12, 6, 5, 11, 3, 4, 9, 13, 2, 0]
Distance: 4778

Ant 5 route: [0, 7, 10, 8, 1, 12, 13, 2, 3, 4, 9, 5, 11, 6, 0]
Distance: 5020



ITERATION: 37

Ant 0 route: [0, 7, 10, 8, 1, 2, 3, 4, 9, 5, 11, 6, 12, 13, 0]
Distance: 4881

Ant 1 route: [0, 7, 10, 8, 1, 11, 5, 6, 12, 13, 2, 3, 4, 9, 0]
Distance: 4320

Ant 2 route: [0, 7, 10, 8, 1, 12, 13, 2, 3, 4, 9, 5, 11, 6, 0]
Distance: 5020

Ant 3 route: [0, 7, 10, 8, 1, 12, 13, 2, 3, 4, 9, 5, 11, 6, 0]
Distance: 5020

Ant 4 route: [0, 7, 10, 8, 1, 12, 6, 5, 11, 3, 4, 9, 13, 2, 0]
Distance: 4778

Ant 5 route: [0, 7, 10, 8, 1, 11, 5, 6, 12, 13, 2, 4, 9, 3, 0]
Distance: 5688



ITERATION: 38

Ant 0 route: [0, 7, 10, 8, 1, 2, 3, 4, 9, 5, 11, 6, 12, 13, 0]
Distance: 4881

Ant 1 route: [0, 7, 10, 8, 1, 12, 13, 2, 3, 4, 9, 5, 11, 6, 0]
Distance: 5020

Ant 2 route: [0, 7, 10, 8, 1, 11, 5, 6, 12, 13, 2, 4, 9, 3, 0]
Distance: 5688

Ant 3 route: [0, 7, 10, 8, 1, 11, 5, 6, 12, 13, 2, 3, 4, 9, 0]
Distance: 4320

Ant 4 route: [0, 7, 10, 8, 1, 12, 6, 5, 11, 3, 4, 9, 13, 2, 0]
Distance: 4778

Ant 5 route: [0, 7, 10, 8, 1, 12, 13, 2, 3, 4, 9, 5, 11, 6, 0]
Distance: 5020



ITERATION: 39

Ant 0 route: [0, 7, 10, 8, 1, 12, 13, 2, 3, 4, 9, 5, 11, 6, 0]
Distance: 5020

Ant 1 route: [0, 7, 10, 8, 1, 12, 13, 2, 3, 4, 9, 5, 11, 6, 0]
Distance: 5020

Ant 2 route: [0, 7, 10, 8, 1, 12, 13, 2, 3, 4, 9, 5, 11, 6, 0]
Distance: 5020

Ant 3 route: [0, 7, 10, 8, 1, 12, 6, 5, 11, 3, 4, 9, 13, 2, 0]
Distance: 4778

Ant 4 route: [0, 7, 10, 8, 1, 11, 5, 6, 12, 13, 2, 3, 4, 9, 0]
Distance: 4320

Ant 5 route: [0, 7, 10, 8, 1, 12, 13, 2, 3, 4, 9, 5, 11, 6, 0]
Distance: 5020



ITERATION: 40

Ant 0 route: [0, 7, 10, 8, 1, 12, 6, 5, 11, 3, 4, 9, 13, 2, 0]
Distance: 4778

Ant 1 route: [0, 7, 10, 8, 1, 12, 6, 5, 11, 3, 4, 9, 13, 2, 0]
Distance: 4778

Ant 2 route: [0, 7, 10, 8, 1, 11, 5, 6, 12, 13, 2, 3, 4, 9, 0]
Distance: 4320

Ant 3 route: [0, 7, 10, 8, 1, 12, 13, 2, 3, 4, 9, 5, 11, 6, 0]
Distance: 5020

Ant 4 route: [0, 7, 10, 8, 1, 12, 13, 2, 3, 4, 9, 5, 11, 6, 0]
Distance: 5020

Ant 5 route: [0, 7, 10, 8, 1, 12, 6, 5, 11, 3, 4, 9, 13, 2, 0]
Distance: 4778



ITERATION: 41

Ant 0 route: [0, 7, 10, 8, 1, 12, 13, 2, 3, 4, 9, 5, 11, 6, 0]
Distance: 5020

Ant 1 route: [0, 7, 10, 8, 1, 11, 5, 6, 12, 13, 2, 3, 4, 9, 0]
Distance: 4320

Ant 2 route: [0, 7, 10, 8, 1, 12, 6, 5, 11, 3, 4, 9, 13, 2, 0]
Distance: 4778

Ant 3 route: [0, 7, 10, 8, 1, 11, 5, 6, 12, 13, 2, 3, 4, 9, 0]
Distance: 4320

Ant 4 route: [0, 7, 10, 8, 1, 11, 5, 6, 12, 13, 2, 3, 4, 9, 0]
Distance: 4320

Ant 5 route: [0, 7, 10, 8, 1, 11, 6, 5, 2, 3, 4, 9, 13, 12, 0]
Distance: 5250



ITERATION: 42

Ant 0 route: [0, 7, 10, 8, 1, 12, 6, 5, 11, 3, 4, 9, 13, 2, 0]
Distance: 4778

Ant 1 route: [0, 7, 10, 8, 1, 12, 6, 5, 11, 3, 4, 9, 13, 2, 0]
Distance: 4778

Ant 2 route: [0, 7, 10, 8, 1, 12, 13, 2, 3, 4, 9, 5, 11, 6, 0]
Distance: 5020

Ant 3 route: [0, 7, 10, 8, 1, 12, 6, 5, 11, 3, 4, 9, 13, 2, 0]
Distance: 4778

Ant 4 route: [0, 7, 10, 8, 1, 11, 5, 6, 12, 13, 2, 3, 4, 9, 0]
Distance: 4320

Ant 5 route: [0, 7, 10, 8, 1, 12, 6, 5, 11, 3, 4, 9, 13, 2, 0]
Distance: 4778



ITERATION: 43

Ant 0 route: [0, 7, 10, 8, 1, 12, 6, 5, 11, 3, 4, 9, 13, 2, 0]
Distance: 4778

Ant 1 route: [0, 7, 10, 8, 1, 12, 6, 5, 11, 3, 4, 9, 13, 2, 0]
Distance: 4778

Ant 2 route: [0, 7, 10, 8, 1, 11, 5, 6, 12, 13, 2, 3, 4, 9, 0]
Distance: 4320

Ant 3 route: [0, 7, 10, 8, 1, 12, 13, 2, 3, 4, 9, 5, 11, 6, 0]
Distance: 5020

Ant 4 route: [0, 7, 10, 8, 1, 12, 6, 5, 11, 3, 4, 9, 13, 2, 0]
Distance: 4778

Ant 5 route: [0, 7, 10, 8, 1, 12, 6, 5, 11, 3, 4, 9, 13, 2, 0]
Distance: 4778



ITERATION: 44

Ant 0 route: [0, 7, 10, 8, 1, 12, 6, 5, 11, 3, 4, 9, 13, 2, 0]
Distance: 4778

Ant 1 route: [0, 7, 10, 8, 1, 11, 5, 6, 12, 13, 2, 3, 4, 9, 0]
Distance: 4320

Ant 2 route: [0, 7, 10, 8, 1, 12, 6, 5, 11, 3, 4, 9, 13, 2, 0]
Distance: 4778

Ant 3 route: [0, 7, 10, 8, 1, 12, 6, 5, 11, 3, 4, 9, 13, 2, 0]
Distance: 4778

Ant 4 route: [0, 7, 10, 8, 1, 12, 6, 5, 11, 3, 4, 9, 13, 2, 0]
Distance: 4778

Ant 5 route: [0, 7, 10, 8, 1, 12, 6, 5, 11, 3, 4, 9, 13, 2, 0]
Distance: 4778



ITERATION: 45

Ant 0 route: [0, 7, 10, 8, 1, 12, 6, 5, 11, 3, 4, 9, 13, 2, 0]
Distance: 4778

Ant 1 route: [0, 7, 10, 8, 1, 12, 6, 5, 11, 3, 4, 9, 13, 2, 0]
Distance: 4778

Ant 2 route: [0, 7, 10, 8, 1, 12, 6, 5, 11, 3, 4, 9, 13, 2, 0]
Distance: 4778

Ant 3 route: [0, 7, 10, 8, 1, 12, 6, 5, 11, 3, 4, 9, 13, 2, 0]
Distance: 4778

Ant 4 route: [0, 7, 10, 8, 1, 12, 6, 5, 11, 3, 4, 9, 13, 2, 0]
Distance: 4778

Ant 5 route: [0, 7, 10, 8, 1, 12, 13, 2, 3, 4, 9, 5, 11, 6, 0]
Distance: 5020



ITERATION: 46

Ant 0 route: [0, 7, 10, 8, 1, 12, 6, 5, 11, 3, 4, 9, 13, 2, 0]
Distance: 4778

Ant 1 route: [0, 7, 10, 8, 1, 12, 6, 5, 11, 3, 4, 9, 13, 2, 0]
Distance: 4778

Ant 2 route: [0, 7, 10, 8, 1, 12, 6, 5, 11, 3, 4, 9, 13, 2, 0]
Distance: 4778

Ant 3 route: [0, 7, 10, 8, 1, 12, 6, 5, 11, 3, 4, 9, 13, 2, 0]
Distance: 4778

Ant 4 route: [0, 7, 10, 8, 1, 12, 6, 5, 11, 3, 4, 9, 13, 2, 0]
Distance: 4778

Ant 5 route: [0, 7, 10, 8, 1, 12, 6, 5, 11, 3, 4, 9, 13, 2, 0]
Distance: 4778



ITERATION: 47

Ant 0 route: [0, 7, 10, 8, 1, 12, 6, 5, 11, 3, 4, 9, 13, 2, 0]
Distance: 4778

Ant 1 route: [0, 7, 10, 8, 1, 12, 6, 5, 11, 3, 4, 9, 13, 2, 0]
Distance: 4778

Ant 2 route: [0, 7, 10, 8, 1, 12, 6, 5, 11, 3, 4, 9, 13, 2, 0]
Distance: 4778

Ant 3 route: [0, 7, 10, 8, 1, 12, 6, 5, 11, 3, 4, 9, 13, 2, 0]
Distance: 4778

Ant 4 route: [0, 7, 10, 8, 1, 12, 6, 5, 11, 3, 4, 9, 13, 2, 0]
Distance: 4778

Ant 5 route: [0, 7, 10, 8, 1, 12, 6, 5, 11, 3, 4, 9, 13, 2, 0]
Distance: 4778



ITERATION: 48

Ant 0 route: [0, 7, 10, 8, 1, 12, 6, 5, 11, 3, 4, 9, 13, 2, 0]
Distance: 4778

Ant 1 route: [0, 7, 10, 8, 1, 12, 6, 5, 11, 3, 4, 9, 13, 2, 0]
Distance: 4778

Ant 2 route: [0, 7, 10, 8, 1, 12, 6, 5, 11, 3, 4, 9, 13, 2, 0]
Distance: 4778

Ant 3 route: [0, 7, 10, 8, 1, 12, 6, 5, 11, 3, 4, 9, 13, 2, 0]
Distance: 4778

Ant 4 route: [0, 7, 10, 8, 1, 12, 6, 5, 11, 3, 4, 9, 13, 2, 0]
Distance: 4778

Ant 5 route: [0, 7, 10, 8, 1, 12, 6, 5, 11, 3, 4, 9, 13, 2, 0]
Distance: 4778



ITERATION: 49

Ant 0 route: [0, 7, 10, 8, 1, 12, 6, 5, 11, 3, 4, 9, 13, 2, 0]
Distance: 4778

Ant 1 route: [0, 7, 10, 8, 1, 11, 5, 6, 12, 13, 2, 3, 4, 9, 0]
Distance: 4320

Ant 2 route: [0, 7, 10, 8, 1, 12, 6, 5, 11, 3, 4, 9, 13, 2, 0]
Distance: 4778

Ant 3 route: [0, 7, 10, 8, 1, 12, 6, 5, 11, 3, 4, 9, 13, 2, 0]
Distance: 4778

Ant 4 route: [0, 7, 10, 8, 1, 12, 6, 5, 11, 3, 4, 9, 13, 2, 0]
Distance: 4778

Ant 5 route: [0, 7, 10, 8, 1, 12, 6, 5, 11, 3, 4, 9, 13, 2, 0]
Distance: 4778



ITERATION: 50

Ant 0 route: [0, 7, 10, 8, 1, 12, 6, 5, 11, 3, 4, 9, 13, 2, 0]
Distance: 4778

Ant 1 route: [0, 7, 10, 8, 1, 12, 6, 5, 11, 3, 4, 9, 13, 2, 0]
Distance: 4778

Ant 2 route: [0, 7, 10, 8, 1, 12, 6, 5, 11, 3, 4, 9, 13, 2, 0]
Distance: 4778

Ant 3 route: [0, 7, 10, 8, 1, 12, 6, 5, 11, 3, 4, 9, 13, 2, 0]
Distance: 4778

Ant 4 route: [0, 7, 10, 8, 1, 12, 6, 5, 11, 3, 4, 9, 13, 2, 0]
Distance: 4778

Ant 5 route: [0, 7, 10, 8, 1, 12, 6, 5, 11, 3, 4, 9, 13, 2, 0]
Distance: 4778



ITERATION: 51

Ant 0 route: [0, 7, 10, 8, 1, 12, 6, 5, 11, 3, 4, 9, 13, 2, 0]
Distance: 4778

Ant 1 route: [0, 7, 10, 8, 1, 12, 6, 5, 11, 3, 4, 9, 13, 2, 0]
Distance: 4778

Ant 2 route: [0, 7, 10, 8, 1, 12, 6, 5, 11, 3, 4, 9, 13, 2, 0]
Distance: 4778

Ant 3 route: [0, 7, 10, 8, 1, 12, 6, 5, 11, 3, 4, 9, 13, 2, 0]
Distance: 4778

Ant 4 route: [0, 7, 10, 8, 1, 12, 6, 5, 11, 3, 4, 9, 13, 2, 0]
Distance: 4778

Ant 5 route: [0, 7, 10, 8, 1, 12, 6, 5, 11, 3, 4, 9, 13, 2, 0]
Distance: 4778



ITERATION: 52

Ant 0 route: [0, 7, 10, 8, 1, 12, 6, 5, 11, 3, 4, 9, 13, 2, 0]
Distance: 4778

Ant 1 route: [0, 7, 10, 8, 1, 12, 6, 5, 11, 3, 4, 9, 13, 2, 0]
Distance: 4778

Ant 2 route: [0, 7, 10, 8, 1, 12, 6, 5, 11, 3, 4, 9, 13, 2, 0]
Distance: 4778

Ant 3 route: [0, 7, 10, 8, 1, 12, 6, 5, 11, 3, 4, 9, 13, 2, 0]
Distance: 4778

Ant 4 route: [0, 7, 10, 8, 1, 12, 6, 5, 11, 3, 4, 9, 13, 2, 0]
Distance: 4778

Ant 5 route: [0, 7, 10, 8, 1, 12, 6, 5, 11, 3, 4, 9, 13, 2, 0]
Distance: 4778



ITERATION: 53

Ant 0 route: [0, 7, 10, 8, 1, 12, 6, 5, 11, 3, 4, 9, 13, 2, 0]
Distance: 4778

Ant 1 route: [0, 7, 10, 8, 1, 12, 6, 5, 11, 3, 4, 9, 13, 2, 0]
Distance: 4778

Ant 2 route: [0, 7, 10, 8, 1, 12, 6, 5, 11, 3, 4, 9, 13, 2, 0]
Distance: 4778

Ant 3 route: [0, 7, 10, 8, 1, 12, 6, 5, 11, 3, 4, 9, 13, 2, 0]
Distance: 4778

Ant 4 route: [0, 7, 10, 8, 1, 11, 3, 4, 9, 13, 2, 6, 5, 12, 0]
Distance: 5352

Ant 5 route: [0, 7, 10, 8, 1, 12, 6, 5, 11, 3, 4, 9, 13, 2, 0]
Distance: 4778



ITERATION: 54

Ant 0 route: [0, 7, 10, 8, 1, 12, 6, 5, 11, 3, 4, 9, 13, 2, 0]
Distance: 4778

Ant 1 route: [0, 7, 10, 8, 1, 12, 6, 5, 11, 3, 4, 9, 13, 2, 0]
Distance: 4778

Ant 2 route: [0, 7, 10, 8, 1, 12, 6, 5, 11, 3, 4, 9, 13, 2, 0]
Distance: 4778

Ant 3 route: [0, 7, 10, 8, 1, 12, 6, 5, 11, 3, 4, 9, 13, 2, 0]
Distance: 4778

Ant 4 route: [0, 7, 10, 8, 1, 12, 6, 5, 11, 3, 4, 9, 13, 2, 0]
Distance: 4778

Ant 5 route: [0, 7, 10, 8, 1, 12, 6, 5, 11, 3, 4, 9, 13, 2, 0]
Distance: 4778



ITERATION: 55

Ant 0 route: [0, 7, 10, 8, 1, 12, 6, 5, 11, 3, 4, 9, 13, 2, 0]
Distance: 4778

Ant 1 route: [0, 7, 10, 8, 1, 12, 6, 5, 11, 3, 4, 9, 13, 2, 0]
Distance: 4778

Ant 2 route: [0, 7, 10, 8, 1, 12, 6, 5, 11, 3, 4, 9, 13, 2, 0]
Distance: 4778

Ant 3 route: [0, 7, 10, 8, 1, 12, 6, 5, 11, 3, 4, 9, 13, 2, 0]
Distance: 4778

Ant 4 route: [0, 7, 10, 8, 1, 12, 6, 5, 11, 3, 4, 9, 13, 2, 0]
Distance: 4778

Ant 5 route: [0, 7, 10, 8, 1, 12, 6, 5, 11, 3, 4, 9, 13, 2, 0]
Distance: 4778



ITERATION: 56

Ant 0 route: [0, 7, 10, 8, 1, 12, 6, 5, 11, 3, 4, 9, 13, 2, 0]
Distance: 4778

Ant 1 route: [0, 7, 10, 8, 1, 12, 6, 5, 11, 3, 4, 9, 13, 2, 0]
Distance: 4778

Ant 2 route: [0, 7, 10, 8, 1, 12, 6, 5, 11, 3, 4, 9, 13, 2, 0]
Distance: 4778

Ant 3 route: [0, 7, 10, 8, 1, 12, 6, 5, 11, 3, 4, 9, 13, 2, 0]
Distance: 4778

Ant 4 route: [0, 7, 10, 8, 1, 12, 6, 5, 11, 3, 4, 9, 13, 2, 0]
Distance: 4778

Ant 5 route: [0, 7, 10, 8, 1, 12, 6, 5, 11, 3, 4, 9, 13, 2, 0]
Distance: 4778



ITERATION: 57

Ant 0 route: [0, 7, 10, 8, 1, 12, 6, 5, 11, 3, 4, 9, 13, 2, 0]
Distance: 4778

Ant 1 route: [0, 7, 10, 8, 1, 12, 6, 5, 11, 3, 4, 9, 13, 2, 0]
Distance: 4778

Ant 2 route: [0, 7, 10, 8, 1, 12, 6, 5, 11, 3, 4, 9, 13, 2, 0]
Distance: 4778

Ant 3 route: [0, 7, 10, 8, 1, 12, 6, 5, 11, 3, 4, 9, 13, 2, 0]
Distance: 4778

Ant 4 route: [0, 7, 10, 8, 1, 12, 6, 5, 11, 3, 4, 9, 13, 2, 0]
Distance: 4778

Ant 5 route: [0, 7, 10, 8, 1, 12, 6, 5, 11, 3, 4, 9, 13, 2, 0]
Distance: 4778



ITERATION: 58

Ant 0 route: [0, 7, 10, 8, 1, 12, 6, 5, 11, 3, 4, 9, 13, 2, 0]
Distance: 4778

Ant 1 route: [0, 7, 10, 8, 1, 12, 6, 5, 11, 3, 4, 9, 13, 2, 0]
Distance: 4778

Ant 2 route: [0, 7, 10, 8, 1, 12, 6, 5, 11, 3, 4, 9, 13, 2, 0]
Distance: 4778

Ant 3 route: [0, 7, 10, 8, 1, 12, 6, 5, 11, 3, 4, 9, 13, 2, 0]
Distance: 4778

Ant 4 route: [0, 7, 10, 8, 1, 12, 6, 5, 11, 3, 4, 9, 13, 2, 0]
Distance: 4778

Ant 5 route: [0, 7, 10, 8, 1, 12, 6, 5, 11, 3, 4, 9, 13, 2, 0]
Distance: 4778



ITERATION: 59

Ant 0 route: [0, 7, 10, 8, 1, 12, 6, 5, 11, 3, 4, 9, 13, 2, 0]
Distance: 4778

Ant 1 route: [0, 7, 10, 8, 1, 12, 6, 5, 11, 3, 4, 9, 13, 2, 0]
Distance: 4778

Ant 2 route: [0, 7, 10, 8, 1, 12, 6, 5, 11, 3, 4, 9, 13, 2, 0]
Distance: 4778

Ant 3 route: [0, 7, 10, 8, 1, 12, 6, 5, 11, 3, 4, 9, 13, 2, 0]
Distance: 4778

Ant 4 route: [0, 7, 10, 8, 1, 12, 6, 5, 11, 3, 4, 9, 13, 2, 0]
Distance: 4778

Ant 5 route: [0, 7, 10, 8, 1, 12, 6, 5, 11, 3, 4, 9, 13, 2, 0]
Distance: 4778



ITERATION: 60

Ant 0 route: [0, 7, 10, 8, 1, 12, 6, 5, 11, 3, 4, 9, 13, 2, 0]
Distance: 4778

Ant 1 route: [0, 7, 10, 8, 1, 12, 6, 5, 11, 3, 4, 9, 13, 2, 0]
Distance: 4778

Ant 2 route: [0, 7, 10, 8, 1, 12, 6, 5, 11, 3, 4, 9, 13, 2, 0]
Distance: 4778

Ant 3 route: [0, 7, 10, 8, 1, 12, 6, 5, 11, 3, 4, 9, 13, 2, 0]
Distance: 4778

Ant 4 route: [0, 7, 10, 8, 1, 12, 6, 5, 11, 3, 4, 9, 13, 2, 0]
Distance: 4778

Ant 5 route: [0, 7, 10, 8, 1, 12, 6, 5, 11, 3, 4, 9, 13, 2, 0]
Distance: 4778



ITERATION: 61

Ant 0 route: [0, 7, 10, 8, 1, 12, 6, 5, 11, 3, 4, 9, 13, 2, 0]
Distance: 4778

Ant 1 route: [0, 7, 10, 8, 1, 12, 6, 5, 11, 3, 4, 9, 13, 2, 0]
Distance: 4778

Ant 2 route: [0, 7, 10, 8, 1, 12, 6, 5, 11, 3, 4, 9, 13, 2, 0]
Distance: 4778

Ant 3 route: [0, 7, 10, 8, 1, 12, 6, 5, 11, 3, 4, 9, 13, 2, 0]
Distance: 4778

Ant 4 route: [0, 7, 10, 8, 1, 12, 6, 5, 11, 3, 4, 9, 13, 2, 0]
Distance: 4778

Ant 5 route: [0, 7, 10, 8, 1, 12, 6, 5, 11, 3, 4, 9, 13, 2, 0]
Distance: 4778



ITERATION: 62

Ant 0 route: [0, 7, 10, 8, 1, 12, 6, 5, 11, 3, 4, 9, 13, 2, 0]
Distance: 4778

Ant 1 route: [0, 7, 10, 8, 1, 12, 6, 5, 11, 3, 4, 9, 13, 2, 0]
Distance: 4778

Ant 2 route: [0, 7, 10, 8, 1, 12, 6, 5, 11, 3, 4, 9, 13, 2, 0]
Distance: 4778

Ant 3 route: [0, 7, 10, 8, 1, 12, 6, 5, 11, 3, 4, 9, 13, 2, 0]
Distance: 4778

Ant 4 route: [0, 7, 10, 8, 1, 12, 6, 5, 11, 3, 4, 9, 13, 2, 0]
Distance: 4778

Ant 5 route: [0, 7, 10, 8, 1, 12, 6, 5, 11, 3, 4, 9, 13, 2, 0]
Distance: 4778



ITERATION: 63

Ant 0 route: [0, 7, 10, 8, 1, 12, 6, 5, 11, 3, 4, 9, 13, 2, 0]
Distance: 4778

Ant 1 route: [0, 7, 10, 8, 1, 12, 6, 5, 11, 3, 4, 9, 13, 2, 0]
Distance: 4778

Ant 2 route: [0, 7, 10, 8, 1, 12, 6, 5, 11, 3, 4, 9, 13, 2, 0]
Distance: 4778

Ant 3 route: [0, 7, 10, 8, 1, 12, 6, 5, 11, 3, 4, 9, 13, 2, 0]
Distance: 4778

Ant 4 route: [0, 7, 10, 8, 1, 12, 6, 5, 11, 3, 4, 9, 13, 2, 0]
Distance: 4778

Ant 5 route: [0, 7, 10, 8, 1, 12, 6, 5, 11, 3, 4, 9, 13, 2, 0]
Distance: 4778



ITERATION: 64

Ant 0 route: [0, 7, 10, 8, 1, 12, 6, 5, 11, 3, 4, 9, 13, 2, 0]
Distance: 4778

Ant 1 route: [0, 7, 10, 8, 1, 12, 6, 5, 11, 3, 4, 9, 13, 2, 0]
Distance: 4778

Ant 2 route: [0, 7, 10, 8, 1, 12, 6, 5, 11, 3, 4, 9, 13, 2, 0]
Distance: 4778

Ant 3 route: [0, 7, 10, 8, 1, 12, 6, 5, 11, 3, 4, 9, 13, 2, 0]
Distance: 4778

Ant 4 route: [0, 7, 10, 8, 1, 12, 6, 5, 11, 3, 4, 9, 13, 2, 0]
Distance: 4778

Ant 5 route: [0, 7, 10, 8, 1, 12, 6, 5, 11, 3, 4, 9, 13, 2, 0]
Distance: 4778



ITERATION: 65

Ant 0 route: [0, 7, 10, 8, 1, 12, 6, 5, 11, 3, 4, 9, 13, 2, 0]
Distance: 4778

Ant 1 route: [0, 7, 10, 8, 1, 12, 6, 5, 11, 3, 4, 9, 13, 2, 0]
Distance: 4778

Ant 2 route: [0, 7, 10, 8, 1, 12, 6, 5, 11, 3, 4, 9, 13, 2, 0]
Distance: 4778

Ant 3 route: [0, 7, 10, 8, 1, 12, 6, 5, 11, 3, 4, 9, 13, 2, 0]
Distance: 4778

Ant 4 route: [0, 7, 10, 8, 1, 12, 6, 5, 11, 3, 4, 9, 13, 2, 0]
Distance: 4778

Ant 5 route: [0, 7, 10, 8, 1, 12, 6, 5, 11, 3, 4, 9, 13, 2, 0]
Distance: 4778



ITERATION: 66

Ant 0 route: [0, 7, 10, 8, 1, 12, 6, 5, 11, 3, 4, 9, 13, 2, 0]
Distance: 4778

Ant 1 route: [0, 7, 10, 8, 1, 12, 6, 5, 11, 3, 4, 9, 13, 2, 0]
Distance: 4778

Ant 2 route: [0, 7, 10, 8, 1, 12, 6, 5, 11, 3, 4, 9, 13, 2, 0]
Distance: 4778

Ant 3 route: [0, 7, 10, 8, 1, 12, 6, 5, 11, 3, 4, 9, 13, 2, 0]
Distance: 4778

Ant 4 route: [0, 7, 10, 8, 1, 12, 6, 5, 11, 3, 4, 9, 13, 2, 0]
Distance: 4778

Ant 5 route: [0, 7, 10, 8, 1, 12, 6, 5, 11, 3, 4, 9, 13, 2, 0]
Distance: 4778



ITERATION: 67

Ant 0 route: [0, 7, 10, 8, 1, 12, 6, 5, 11, 3, 4, 9, 13, 2, 0]
Distance: 4778

Ant 1 route: [0, 7, 10, 8, 1, 12, 6, 5, 11, 3, 4, 9, 13, 2, 0]
Distance: 4778

Ant 2 route: [0, 7, 10, 8, 1, 12, 6, 5, 11, 3, 4, 9, 13, 2, 0]
Distance: 4778

Ant 3 route: [0, 7, 10, 8, 1, 12, 6, 5, 11, 3, 4, 9, 13, 2, 0]
Distance: 4778

Ant 4 route: [0, 7, 10, 8, 1, 12, 6, 5, 11, 3, 4, 9, 13, 2, 0]
Distance: 4778

Ant 5 route: [0, 7, 10, 8, 1, 12, 6, 5, 11, 3, 4, 9, 13, 2, 0]
Distance: 4778



ITERATION: 68

Ant 0 route: [0, 7, 10, 8, 1, 12, 6, 5, 11, 3, 4, 9, 13, 2, 0]
Distance: 4778

Ant 1 route: [0, 7, 10, 8, 1, 12, 6, 5, 11, 3, 4, 9, 13, 2, 0]
Distance: 4778

Ant 2 route: [0, 7, 10, 8, 1, 12, 6, 5, 11, 3, 4, 9, 13, 2, 0]
Distance: 4778

Ant 3 route: [0, 7, 10, 8, 1, 12, 6, 5, 11, 3, 4, 9, 13, 2, 0]
Distance: 4778

Ant 4 route: [0, 7, 10, 8, 1, 12, 6, 5, 11, 3, 4, 9, 13, 2, 0]
Distance: 4778

Ant 5 route: [0, 7, 10, 8, 1, 12, 6, 5, 11, 3, 4, 9, 13, 2, 0]
Distance: 4778



ITERATION: 69

Ant 0 route: [0, 7, 10, 8, 1, 12, 6, 5, 11, 3, 4, 9, 13, 2, 0]
Distance: 4778

Ant 1 route: [0, 7, 10, 8, 1, 12, 6, 5, 11, 3, 4, 9, 13, 2, 0]
Distance: 4778

Ant 2 route: [0, 7, 10, 8, 1, 12, 6, 5, 11, 3, 4, 9, 13, 2, 0]
Distance: 4778

Ant 3 route: [0, 7, 10, 8, 1, 12, 6, 5, 11, 3, 4, 9, 13, 2, 0]
Distance: 4778

Ant 4 route: [0, 7, 10, 8, 1, 12, 6, 5, 11, 3, 4, 9, 13, 2, 0]
Distance: 4778

Ant 5 route: [0, 7, 10, 8, 1, 12, 6, 5, 11, 3, 4, 9, 13, 2, 0]
Distance: 4778



ITERATION: 70

Ant 0 route: [0, 7, 10, 8, 1, 12, 6, 5, 11, 3, 4, 9, 13, 2, 0]
Distance: 4778

Ant 1 route: [0, 7, 10, 8, 1, 12, 6, 5, 11, 3, 4, 9, 13, 2, 0]
Distance: 4778

Ant 2 route: [0, 7, 10, 8, 1, 12, 6, 5, 11, 3, 4, 9, 13, 2, 0]
Distance: 4778

Ant 3 route: [0, 7, 10, 8, 1, 12, 6, 5, 11, 3, 4, 9, 13, 2, 0]
Distance: 4778

Ant 4 route: [0, 7, 10, 8, 1, 12, 6, 5, 11, 3, 4, 9, 13, 2, 0]
Distance: 4778

Ant 5 route: [0, 7, 10, 8, 1, 12, 6, 5, 11, 3, 4, 9, 13, 2, 0]
Distance: 4778



ITERATION: 71

Ant 0 route: [0, 7, 10, 8, 1, 12, 6, 5, 11, 3, 4, 9, 13, 2, 0]
Distance: 4778

Ant 1 route: [0, 7, 10, 8, 1, 12, 6, 5, 11, 3, 4, 9, 13, 2, 0]
Distance: 4778

Ant 2 route: [0, 7, 10, 8, 1, 12, 6, 5, 11, 3, 4, 9, 13, 2, 0]
Distance: 4778

Ant 3 route: [0, 7, 10, 8, 1, 12, 6, 5, 11, 3, 4, 9, 13, 2, 0]
Distance: 4778

Ant 4 route: [0, 7, 10, 8, 1, 12, 6, 5, 11, 3, 4, 9, 13, 2, 0]
Distance: 4778

Ant 5 route: [0, 7, 10, 8, 1, 12, 6, 5, 11, 3, 4, 9, 13, 2, 0]
Distance: 4778



ITERATION: 72

Ant 0 route: [0, 7, 10, 8, 1, 12, 6, 5, 11, 3, 4, 9, 13, 2, 0]
Distance: 4778

Ant 1 route: [0, 7, 10, 8, 1, 12, 6, 5, 11, 3, 4, 9, 13, 2, 0]
Distance: 4778

Ant 2 route: [0, 7, 10, 8, 1, 12, 6, 5, 11, 3, 4, 9, 13, 2, 0]
Distance: 4778

Ant 3 route: [0, 7, 10, 8, 1, 12, 6, 5, 11, 3, 4, 9, 13, 2, 0]
Distance: 4778

Ant 4 route: [0, 7, 10, 8, 1, 12, 6, 5, 11, 3, 4, 9, 13, 2, 0]
Distance: 4778

Ant 5 route: [0, 7, 10, 8, 1, 12, 6, 5, 11, 3, 4, 9, 13, 2, 0]
Distance: 4778



ITERATION: 73

Ant 0 route: [0, 7, 10, 8, 1, 12, 6, 5, 11, 3, 4, 9, 13, 2, 0]
Distance: 4778

Ant 1 route: [0, 7, 10, 8, 1, 12, 6, 5, 11, 3, 4, 9, 13, 2, 0]
Distance: 4778

Ant 2 route: [0, 7, 10, 8, 1, 12, 6, 5, 11, 3, 4, 9, 13, 2, 0]
Distance: 4778

Ant 3 route: [0, 7, 10, 8, 1, 12, 6, 5, 11, 3, 4, 9, 13, 2, 0]
Distance: 4778

Ant 4 route: [0, 7, 10, 8, 1, 12, 6, 5, 11, 3, 4, 9, 13, 2, 0]
Distance: 4778

Ant 5 route: [0, 7, 10, 8, 1, 12, 6, 5, 11, 3, 4, 9, 13, 2, 0]
Distance: 4778



ITERATION: 74

Ant 0 route: [0, 7, 10, 8, 1, 12, 6, 5, 11, 3, 4, 9, 13, 2, 0]
Distance: 4778

Ant 1 route: [0, 7, 10, 8, 1, 12, 6, 5, 11, 3, 4, 9, 13, 2, 0]
Distance: 4778

Ant 2 route: [0, 7, 10, 8, 1, 12, 6, 5, 11, 3, 4, 9, 13, 2, 0]
Distance: 4778

Ant 3 route: [0, 7, 10, 8, 1, 12, 6, 5, 11, 3, 4, 9, 13, 2, 0]
Distance: 4778

Ant 4 route: [0, 7, 10, 8, 1, 12, 6, 5, 11, 3, 4, 9, 13, 2, 0]
Distance: 4778

Ant 5 route: [0, 7, 10, 8, 1, 12, 6, 5, 11, 3, 4, 9, 13, 2, 0]
Distance: 4778



ITERATION: 75

Ant 0 route: [0, 7, 10, 8, 1, 12, 6, 5, 11, 3, 4, 9, 13, 2, 0]
Distance: 4778

Ant 1 route: [0, 7, 10, 8, 1, 12, 6, 5, 11, 3, 4, 9, 13, 2, 0]
Distance: 4778

Ant 2 route: [0, 7, 10, 8, 1, 12, 6, 5, 11, 3, 4, 9, 13, 2, 0]
Distance: 4778

Ant 3 route: [0, 7, 10, 8, 1, 12, 6, 5, 11, 3, 4, 9, 13, 2, 0]
Distance: 4778

Ant 4 route: [0, 7, 10, 8, 1, 12, 6, 5, 11, 3, 4, 9, 13, 2, 0]
Distance: 4778

Ant 5 route: [0, 7, 10, 8, 1, 12, 6, 5, 11, 3, 4, 9, 13, 2, 0]
Distance: 4778



ITERATION: 76

Ant 0 route: [0, 7, 10, 8, 1, 12, 6, 5, 11, 3, 4, 9, 13, 2, 0]
Distance: 4778

Ant 1 route: [0, 7, 10, 8, 1, 12, 6, 5, 11, 3, 4, 9, 13, 2, 0]
Distance: 4778

Ant 2 route: [0, 7, 10, 8, 1, 12, 6, 5, 11, 3, 4, 9, 13, 2, 0]
Distance: 4778

Ant 3 route: [0, 7, 10, 8, 1, 12, 6, 5, 11, 3, 4, 9, 13, 2, 0]
Distance: 4778

Ant 4 route: [0, 7, 10, 8, 1, 12, 6, 5, 11, 3, 4, 9, 13, 2, 0]
Distance: 4778

Ant 5 route: [0, 7, 10, 8, 1, 12, 6, 5, 11, 3, 4, 9, 13, 2, 0]
Distance: 4778



ITERATION: 77

Ant 0 route: [0, 7, 10, 8, 1, 12, 6, 5, 11, 3, 4, 9, 13, 2, 0]
Distance: 4778

Ant 1 route: [0, 7, 10, 8, 1, 12, 6, 5, 11, 3, 4, 9, 13, 2, 0]
Distance: 4778

Ant 2 route: [0, 7, 10, 8, 1, 12, 6, 5, 11, 3, 4, 9, 13, 2, 0]
Distance: 4778

Ant 3 route: [0, 7, 10, 8, 1, 12, 6, 5, 11, 3, 4, 9, 13, 2, 0]
Distance: 4778

Ant 4 route: [0, 7, 10, 8, 1, 12, 6, 5, 11, 3, 4, 9, 13, 2, 0]
Distance: 4778

Ant 5 route: [0, 7, 10, 8, 1, 12, 6, 5, 11, 3, 4, 9, 13, 2, 0]
Distance: 4778



ITERATION: 78

Ant 0 route: [0, 7, 10, 8, 1, 12, 6, 5, 11, 3, 4, 9, 13, 2, 0]
Distance: 4778

Ant 1 route: [0, 7, 10, 8, 1, 12, 6, 5, 11, 3, 4, 9, 13, 2, 0]
Distance: 4778

Ant 2 route: [0, 7, 10, 8, 1, 12, 6, 5, 11, 3, 4, 9, 13, 2, 0]
Distance: 4778

Ant 3 route: [0, 7, 10, 8, 1, 12, 6, 5, 11, 3, 4, 9, 13, 2, 0]
Distance: 4778

Ant 4 route: [0, 7, 10, 8, 1, 12, 6, 5, 11, 3, 4, 9, 13, 2, 0]
Distance: 4778

Ant 5 route: [0, 7, 10, 8, 1, 12, 6, 5, 11, 3, 4, 9, 13, 2, 0]
Distance: 4778



ITERATION: 79

Ant 0 route: [0, 7, 10, 8, 1, 12, 6, 5, 11, 3, 4, 9, 13, 2, 0]
Distance: 4778

Ant 1 route: [0, 7, 10, 8, 1, 12, 6, 5, 11, 3, 4, 9, 13, 2, 0]
Distance: 4778

Ant 2 route: [0, 7, 10, 8, 1, 12, 6, 5, 11, 3, 4, 9, 13, 2, 0]
Distance: 4778

Ant 3 route: [0, 7, 10, 8, 1, 12, 6, 5, 11, 3, 4, 9, 13, 2, 0]
Distance: 4778

Ant 4 route: [0, 7, 10, 8, 1, 12, 6, 5, 11, 3, 4, 9, 13, 2, 0]
Distance: 4778

Ant 5 route: [0, 7, 10, 8, 1, 12, 6, 5, 11, 3, 4, 9, 13, 2, 0]
Distance: 4778



ITERATION: 80

Ant 0 route: [0, 7, 10, 8, 1, 12, 6, 5, 11, 3, 4, 9, 13, 2, 0]
Distance: 4778

Ant 1 route: [0, 7, 10, 8, 1, 12, 6, 5, 11, 3, 4, 9, 13, 2, 0]
Distance: 4778

Ant 2 route: [0, 7, 10, 8, 1, 12, 6, 5, 11, 3, 4, 9, 13, 2, 0]
Distance: 4778

Ant 3 route: [0, 7, 10, 8, 1, 12, 6, 5, 11, 3, 4, 9, 13, 2, 0]
Distance: 4778

Ant 4 route: [0, 7, 10, 8, 1, 12, 6, 5, 11, 3, 4, 9, 13, 2, 0]
Distance: 4778

Ant 5 route: [0, 7, 10, 8, 1, 12, 6, 5, 11, 3, 4, 9, 13, 2, 0]
Distance: 4778



ITERATION: 81

Ant 0 route: [0, 7, 10, 8, 1, 12, 6, 5, 11, 3, 4, 9, 13, 2, 0]
Distance: 4778

Ant 1 route: [0, 7, 10, 8, 1, 12, 6, 5, 11, 3, 4, 9, 13, 2, 0]
Distance: 4778

Ant 2 route: [0, 7, 10, 8, 1, 12, 6, 5, 11, 3, 4, 9, 13, 2, 0]
Distance: 4778

Ant 3 route: [0, 7, 10, 8, 1, 12, 6, 5, 11, 3, 4, 9, 13, 2, 0]
Distance: 4778

Ant 4 route: [0, 7, 10, 8, 1, 12, 6, 5, 11, 3, 4, 9, 13, 2, 0]
Distance: 4778

Ant 5 route: [0, 7, 10, 8, 1, 12, 6, 5, 11, 3, 4, 9, 13, 2, 0]
Distance: 4778



ITERATION: 82

Ant 0 route: [0, 7, 10, 8, 1, 12, 6, 5, 11, 3, 4, 9, 13, 2, 0]
Distance: 4778

Ant 1 route: [0, 7, 10, 8, 1, 12, 6, 5, 11, 3, 4, 9, 13, 2, 0]
Distance: 4778

Ant 2 route: [0, 7, 10, 8, 1, 12, 6, 5, 11, 3, 4, 9, 13, 2, 0]
Distance: 4778

Ant 3 route: [0, 7, 10, 8, 1, 12, 6, 5, 11, 3, 4, 9, 13, 2, 0]
Distance: 4778

Ant 4 route: [0, 7, 10, 8, 1, 12, 6, 5, 11, 3, 4, 9, 13, 2, 0]
Distance: 4778

Ant 5 route: [0, 7, 10, 8, 1, 12, 6, 5, 11, 3, 4, 9, 13, 2, 0]
Distance: 4778



ITERATION: 83

Ant 0 route: [0, 7, 10, 8, 1, 12, 6, 5, 11, 3, 4, 9, 13, 2, 0]
Distance: 4778

Ant 1 route: [0, 7, 10, 8, 1, 12, 6, 5, 11, 3, 4, 9, 13, 2, 0]
Distance: 4778

Ant 2 route: [0, 7, 10, 8, 1, 12, 6, 5, 11, 3, 4, 9, 13, 2, 0]
Distance: 4778

Ant 3 route: [0, 7, 10, 8, 1, 12, 6, 5, 11, 3, 4, 9, 13, 2, 0]
Distance: 4778

Ant 4 route: [0, 7, 10, 8, 1, 12, 6, 5, 11, 3, 4, 9, 13, 2, 0]
Distance: 4778

Ant 5 route: [0, 7, 10, 8, 1, 12, 6, 5, 11, 3, 4, 9, 13, 2, 0]
Distance: 4778



ITERATION: 84

Ant 0 route: [0, 7, 10, 8, 1, 12, 6, 5, 11, 3, 4, 9, 13, 2, 0]
Distance: 4778

Ant 1 route: [0, 7, 10, 8, 1, 12, 6, 5, 11, 3, 4, 9, 13, 2, 0]
Distance: 4778

Ant 2 route: [0, 7, 10, 8, 1, 12, 6, 5, 11, 3, 4, 9, 13, 2, 0]
Distance: 4778

Ant 3 route: [0, 7, 10, 8, 1, 12, 6, 5, 11, 3, 4, 9, 13, 2, 0]
Distance: 4778

Ant 4 route: [0, 7, 10, 8, 1, 12, 6, 5, 11, 3, 4, 9, 13, 2, 0]
Distance: 4778

Ant 5 route: [0, 7, 10, 8, 1, 12, 6, 5, 11, 3, 4, 9, 13, 2, 0]
Distance: 4778



ITERATION: 85

Ant 0 route: [0, 7, 10, 8, 1, 12, 6, 5, 11, 3, 4, 9, 13, 2, 0]
Distance: 4778

Ant 1 route: [0, 7, 10, 8, 1, 12, 6, 5, 11, 3, 4, 9, 13, 2, 0]
Distance: 4778

Ant 2 route: [0, 7, 10, 8, 1, 12, 6, 5, 11, 3, 4, 9, 13, 2, 0]
Distance: 4778

Ant 3 route: [0, 7, 10, 8, 1, 12, 6, 5, 11, 3, 4, 9, 13, 2, 0]
Distance: 4778

Ant 4 route: [0, 7, 10, 8, 1, 12, 6, 5, 11, 3, 4, 9, 13, 2, 0]
Distance: 4778

Ant 5 route: [0, 7, 10, 8, 1, 12, 6, 5, 11, 3, 4, 9, 13, 2, 0]
Distance: 4778



ITERATION: 86

Ant 0 route: [0, 7, 10, 8, 1, 12, 6, 5, 11, 3, 4, 9, 13, 2, 0]
Distance: 4778

Ant 1 route: [0, 7, 10, 8, 1, 12, 6, 5, 11, 3, 4, 9, 13, 2, 0]
Distance: 4778

Ant 2 route: [0, 7, 10, 8, 1, 12, 6, 5, 11, 3, 4, 9, 13, 2, 0]
Distance: 4778

Ant 3 route: [0, 7, 10, 8, 1, 12, 6, 5, 11, 3, 4, 9, 13, 2, 0]
Distance: 4778

Ant 4 route: [0, 7, 10, 8, 1, 12, 6, 5, 11, 3, 4, 9, 13, 2, 0]
Distance: 4778

Ant 5 route: [0, 7, 10, 8, 1, 12, 6, 5, 11, 3, 4, 9, 13, 2, 0]
Distance: 4778



ITERATION: 87

Ant 0 route: [0, 7, 10, 8, 1, 12, 6, 5, 11, 3, 4, 9, 13, 2, 0]
Distance: 4778

Ant 1 route: [0, 7, 10, 8, 1, 12, 6, 5, 11, 3, 4, 9, 13, 2, 0]
Distance: 4778

Ant 2 route: [0, 7, 10, 8, 1, 12, 6, 5, 11, 3, 4, 9, 13, 2, 0]
Distance: 4778

Ant 3 route: [0, 7, 10, 8, 1, 12, 6, 5, 11, 3, 4, 9, 13, 2, 0]
Distance: 4778

Ant 4 route: [0, 7, 10, 8, 1, 12, 6, 5, 11, 3, 4, 9, 13, 2, 0]
Distance: 4778

Ant 5 route: [0, 7, 10, 8, 1, 12, 6, 5, 11, 3, 4, 9, 13, 2, 0]
Distance: 4778



ITERATION: 88

Ant 0 route: [0, 7, 10, 8, 1, 12, 6, 5, 11, 3, 4, 9, 13, 2, 0]
Distance: 4778

Ant 1 route: [0, 7, 10, 8, 1, 12, 6, 5, 11, 3, 4, 9, 13, 2, 0]
Distance: 4778

Ant 2 route: [0, 7, 10, 8, 1, 12, 6, 5, 11, 3, 4, 9, 13, 2, 0]
Distance: 4778

Ant 3 route: [0, 7, 10, 8, 1, 12, 6, 5, 11, 3, 4, 9, 13, 2, 0]
Distance: 4778

Ant 4 route: [0, 7, 10, 8, 1, 12, 6, 5, 11, 3, 4, 9, 13, 2, 0]
Distance: 4778

Ant 5 route: [0, 7, 10, 8, 1, 12, 6, 5, 11, 3, 4, 9, 13, 2, 0]
Distance: 4778



ITERATION: 89

Ant 0 route: [0, 7, 10, 8, 1, 12, 6, 5, 11, 3, 4, 9, 13, 2, 0]
Distance: 4778

Ant 1 route: [0, 7, 10, 8, 1, 12, 6, 5, 11, 3, 4, 9, 13, 2, 0]
Distance: 4778

Ant 2 route: [0, 7, 10, 8, 1, 12, 6, 5, 11, 3, 4, 9, 13, 2, 0]
Distance: 4778

Ant 3 route: [0, 7, 10, 8, 1, 12, 6, 5, 11, 3, 4, 9, 13, 2, 0]
Distance: 4778

Ant 4 route: [0, 7, 10, 8, 1, 12, 6, 5, 11, 3, 4, 9, 13, 2, 0]
Distance: 4778

Ant 5 route: [0, 7, 10, 8, 1, 12, 6, 5, 11, 3, 4, 9, 13, 2, 0]
Distance: 4778



ITERATION: 90

Ant 0 route: [0, 7, 10, 8, 1, 12, 6, 5, 11, 3, 4, 9, 13, 2, 0]
Distance: 4778

Ant 1 route: [0, 7, 10, 8, 1, 12, 6, 5, 11, 3, 4, 9, 13, 2, 0]
Distance: 4778

Ant 2 route: [0, 7, 10, 8, 1, 12, 6, 5, 11, 3, 4, 9, 13, 2, 0]
Distance: 4778

Ant 3 route: [0, 7, 10, 8, 1, 12, 6, 5, 11, 3, 4, 9, 13, 2, 0]
Distance: 4778

Ant 4 route: [0, 7, 10, 8, 1, 12, 6, 5, 11, 3, 4, 9, 13, 2, 0]
Distance: 4778

Ant 5 route: [0, 7, 10, 8, 1, 12, 6, 5, 11, 3, 4, 9, 13, 2, 0]
Distance: 4778



ITERATION: 91

Ant 0 route: [0, 7, 10, 8, 1, 12, 6, 5, 11, 3, 4, 9, 13, 2, 0]
Distance: 4778

Ant 1 route: [0, 7, 10, 8, 1, 12, 6, 5, 11, 3, 4, 9, 13, 2, 0]
Distance: 4778

Ant 2 route: [0, 7, 10, 8, 1, 12, 6, 5, 11, 3, 4, 9, 13, 2, 0]
Distance: 4778

Ant 3 route: [0, 7, 10, 8, 1, 12, 6, 5, 11, 3, 4, 9, 13, 2, 0]
Distance: 4778

Ant 4 route: [0, 7, 10, 8, 1, 12, 6, 5, 11, 3, 4, 9, 13, 2, 0]
Distance: 4778

Ant 5 route: [0, 7, 10, 8, 1, 12, 6, 5, 11, 3, 4, 9, 13, 2, 0]
Distance: 4778



ITERATION: 92

Ant 0 route: [0, 7, 10, 8, 1, 12, 6, 5, 11, 3, 4, 9, 13, 2, 0]
Distance: 4778

Ant 1 route: [0, 7, 10, 8, 1, 12, 6, 5, 11, 3, 4, 9, 13, 2, 0]
Distance: 4778

Ant 2 route: [0, 7, 10, 8, 1, 12, 6, 5, 11, 3, 4, 9, 13, 2, 0]
Distance: 4778

Ant 3 route: [0, 7, 10, 8, 1, 12, 6, 5, 11, 3, 4, 9, 13, 2, 0]
Distance: 4778

Ant 4 route: [0, 7, 10, 8, 1, 12, 6, 5, 11, 3, 4, 9, 13, 2, 0]
Distance: 4778

Ant 5 route: [0, 7, 10, 8, 1, 12, 6, 5, 11, 3, 4, 9, 13, 2, 0]
Distance: 4778



ITERATION: 93

Ant 0 route: [0, 7, 10, 8, 1, 12, 6, 5, 11, 3, 4, 9, 13, 2, 0]
Distance: 4778

Ant 1 route: [0, 7, 10, 8, 1, 12, 6, 5, 11, 3, 4, 9, 13, 2, 0]
Distance: 4778

Ant 2 route: [0, 7, 10, 8, 1, 12, 6, 5, 11, 3, 4, 9, 13, 2, 0]
Distance: 4778

Ant 3 route: [0, 7, 10, 8, 1, 12, 6, 5, 11, 3, 4, 9, 13, 2, 0]
Distance: 4778

Ant 4 route: [0, 7, 10, 8, 1, 12, 6, 5, 11, 3, 4, 9, 13, 2, 0]
Distance: 4778

Ant 5 route: [0, 7, 10, 8, 1, 12, 6, 5, 11, 3, 4, 9, 13, 2, 0]
Distance: 4778



ITERATION: 94

Ant 0 route: [0, 7, 10, 8, 1, 12, 6, 5, 11, 3, 4, 9, 13, 2, 0]
Distance: 4778

Ant 1 route: [0, 7, 10, 8, 1, 12, 6, 5, 11, 3, 4, 9, 13, 2, 0]
Distance: 4778

Ant 2 route: [0, 7, 10, 8, 1, 12, 6, 5, 11, 3, 4, 9, 13, 2, 0]
Distance: 4778

Ant 3 route: [0, 7, 10, 8, 1, 12, 6, 5, 11, 3, 4, 9, 13, 2, 0]
Distance: 4778

Ant 4 route: [0, 7, 10, 8, 1, 12, 6, 5, 11, 3, 4, 9, 13, 2, 0]
Distance: 4778

Ant 5 route: [0, 7, 10, 8, 1, 12, 6, 5, 11, 3, 4, 9, 13, 2, 0]
Distance: 4778



ITERATION: 95

Ant 0 route: [0, 7, 10, 8, 1, 12, 6, 5, 11, 3, 4, 9, 13, 2, 0]
Distance: 4778

Ant 1 route: [0, 7, 10, 8, 1, 12, 6, 5, 11, 3, 4, 9, 13, 2, 0]
Distance: 4778

Ant 2 route: [0, 7, 10, 8, 1, 12, 6, 5, 11, 3, 4, 9, 13, 2, 0]
Distance: 4778

Ant 3 route: [0, 7, 10, 8, 1, 12, 6, 5, 11, 3, 4, 9, 13, 2, 0]
Distance: 4778

Ant 4 route: [0, 7, 10, 8, 1, 12, 6, 5, 11, 3, 4, 9, 13, 2, 0]
Distance: 4778

Ant 5 route: [0, 7, 10, 8, 1, 12, 6, 5, 11, 3, 4, 9, 13, 2, 0]
Distance: 4778



ITERATION: 96

Ant 0 route: [0, 7, 10, 8, 1, 12, 6, 5, 11, 3, 4, 9, 13, 2, 0]
Distance: 4778

Ant 1 route: [0, 7, 10, 8, 1, 12, 6, 5, 11, 3, 4, 9, 13, 2, 0]
Distance: 4778

Ant 2 route: [0, 7, 10, 8, 1, 12, 6, 5, 11, 3, 4, 9, 13, 2, 0]
Distance: 4778

Ant 3 route: [0, 7, 10, 8, 1, 12, 6, 5, 11, 3, 4, 9, 13, 2, 0]
Distance: 4778

Ant 4 route: [0, 7, 10, 8, 1, 12, 6, 5, 11, 3, 4, 9, 13, 2, 0]
Distance: 4778

Ant 5 route: [0, 7, 10, 8, 1, 12, 6, 5, 11, 3, 4, 9, 13, 2, 0]
Distance: 4778



ITERATION: 97

Ant 0 route: [0, 7, 10, 8, 1, 12, 6, 5, 11, 3, 4, 9, 13, 2, 0]
Distance: 4778

Ant 1 route: [0, 7, 10, 8, 1, 12, 6, 5, 11, 3, 4, 9, 13, 2, 0]
Distance: 4778

Ant 2 route: [0, 7, 10, 8, 1, 12, 6, 5, 11, 3, 4, 9, 13, 2, 0]
Distance: 4778

Ant 3 route: [0, 7, 10, 8, 1, 12, 6, 5, 11, 3, 4, 9, 13, 2, 0]
Distance: 4778

Ant 4 route: [0, 7, 10, 8, 1, 12, 6, 5, 11, 3, 4, 9, 13, 2, 0]
Distance: 4778

Ant 5 route: [0, 7, 10, 8, 1, 12, 6, 5, 11, 3, 4, 9, 13, 2, 0]
Distance: 4778



ITERATION: 98

Ant 0 route: [0, 7, 10, 8, 1, 12, 6, 5, 11, 3, 4, 9, 13, 2, 0]
Distance: 4778

Ant 1 route: [0, 7, 10, 8, 1, 12, 6, 5, 11, 3, 4, 9, 13, 2, 0]
Distance: 4778

Ant 2 route: [0, 7, 10, 8, 1, 12, 6, 5, 11, 3, 4, 9, 13, 2, 0]
Distance: 4778

Ant 3 route: [0, 7, 10, 8, 1, 12, 6, 5, 11, 3, 4, 9, 13, 2, 0]
Distance: 4778

Ant 4 route: [0, 7, 10, 8, 1, 12, 6, 5, 11, 3, 4, 9, 13, 2, 0]
Distance: 4778

Ant 5 route: [0, 7, 10, 8, 1, 12, 6, 5, 11, 3, 4, 9, 13, 2, 0]
Distance: 4778



ITERATION: 99

Ant 0 route: [0, 7, 10, 8, 1, 12, 6, 5, 11, 3, 4, 9, 13, 2, 0]
Distance: 4778

Ant 1 route: [0, 7, 10, 8, 1, 12, 6, 5, 11, 3, 4, 9, 13, 2, 0]
Distance: 4778

Ant 2 route: [0, 7, 10, 8, 1, 12, 6, 5, 11, 3, 4, 9, 13, 2, 0]
Distance: 4778

Ant 3 route: [0, 7, 10, 8, 1, 12, 6, 5, 11, 3, 4, 9, 13, 2, 0]
Distance: 4778

Ant 4 route: [0, 7, 10, 8, 1, 12, 6, 5, 11, 3, 4, 9, 13, 2, 0]
Distance: 4778

Ant 5 route: [0, 7, 10, 8, 1, 12, 6, 5, 11, 3, 4, 9, 13, 2, 0]
Distance: 4778



Duration is: 0.5503060817718506 seconds.
Ant 0 best iteration: 20
Best route: [0, 7, 8, 10, 1, 9, 12, 6, 5, 11, 3, 4, 2, 13, 0]
Best distance: 4103

Ant 1 best iteration: 2
Best route: [0, 7, 8, 10, 1, 13, 2, 4, 3, 11, 5, 6, 12, 9, 0]
Best distance: 3974

Ant 2 best iteration: 23
Best route: [0, 7, 8, 10, 1, 2, 3, 4, 6, 12, 5, 11, 13, 9, 0]
Best distance: 4074

Ant 3 best iteration: 12
Best route: [0, 7, 9, 10, 8, 1, 12, 6, 4, 5, 11, 3, 13, 2, 0]
Best distance: 3912

Ant 4 best iteration: 9
Best route: [0, 10, 8, 7, 1, 13, 2, 3, 4, 5, 11, 6, 12, 9, 0]
Best distance: 3629

Ant 5 best iteration: 27
Best route: [0, 7, 8, 10, 1, 9, 12, 6, 5, 11, 3, 4, 2, 13, 0]
Best distance: 4103

